Title: 0-3 km MLCAPE (J/kg) 15Z HRRR | F01 Valid: 16Z Sun Apr 11 2021
RefreshSeconds: 60
TimeRange: 2021-04-11T15:55:00Z 2021-04-11T17:00:00Z
Color: 221 86 78 255
Line: 1, 0, "25.0"
 24.38, -84.07
 24.49, -83.98
 24.52, -83.95
 24.59, -83.84
 24.62, -83.8
 24.69, -83.7
 24.74, -83.65
 24.8, -83.58
 24.87, -83.49
 24.9, -83.44
 24.93, -83.35
 24.94, -83.22
 24.89, -83.09
 24.84, -83.0
 24.81, -82.97
 24.7, -82.86
 24.69, -82.86
 24.58, -82.75
 24.56, -82.73
 24.48, -82.64
 24.41, -82.52
 24.4, -82.49
 24.36, -82.4
 24.32, -82.27
 24.3, -82.14
 24.27, -82.02
 24.24, -81.89
 24.17, -81.8
 24.1, -81.79
 24.05, -81.78
End:

Color: 221 86 78 255
Line: 1, 0, "25.0"
 23.96, -81.2
 24.09, -81.24
 24.11, -81.26
 24.22, -81.37
 24.23, -81.37
 24.31, -81.48
 24.37, -81.55
 24.44, -81.59
 24.5, -81.61
 24.63, -81.62
 24.74, -81.56
 24.77, -81.53
 24.84, -81.47
 24.95, -81.38
 24.98, -81.35
 25.05, -81.28
 25.12, -81.19
 25.15, -81.13
 25.17, -81.05
 25.17, -80.92
 25.15, -80.79
 25.12, -80.66
 25.1, -80.53
 25.08, -80.4
 25.07, -80.27
 25.08, -80.13
 25.09, -80.08
 25.12, -79.99
 25.16, -79.85
 25.17, -79.82
 25.21, -79.71
 25.24, -79.56
 25.24, -79.55
 25.26, -79.43
 25.26, -79.29
 25.25, -79.16
 25.25, -79.03
 25.26, -78.98
 25.27, -78.89
 25.32, -78.74
 25.33, -78.71
 25.38, -78.59
 25.41, -78.48
 25.42, -78.45
 25.39, -78.38
 25.37, -78.33
 25.29, -78.21
 25.23, -78.09
 25.28, -77.95
 25.3, -77.93
 25.41, -77.87
 25.53, -77.83
 25.64, -77.79
 25.76, -77.75
 25.87, -77.7
 25.92, -77.66
 25.97, -77.61
 26.07, -77.49
 26.07, -77.49
 26.15, -77.33
 26.16, -77.32
 26.26, -77.21
 26.37, -77.17
 26.49, -77.16
 26.62, -77.17
 26.7, -77.19
 26.75, -77.21
 26.86, -77.29
 26.89, -77.34
 26.93, -77.41
 26.96, -77.54
 26.96, -77.68
 26.96, -77.68
 26.97, -77.81
 27.01, -77.92
 27.01, -77.94
 27.1, -78.05
 27.17, -78.11
 27.24, -78.16
 27.3, -78.18
 27.43, -78.19
 27.55, -78.18
 27.67, -78.16
 27.78, -78.13
 27.89, -78.08
 28.01, -78.02
 28.11, -77.95
 28.12, -77.95
 28.22, -77.85
 28.3, -77.76
 28.32, -77.73
 28.38, -77.6
 28.4, -77.52
 28.41, -77.45
 28.42, -77.31
 28.41, -77.17
 28.39, -77.04
 28.35, -76.91
 28.3, -76.78
 28.23, -76.66
 28.23, -76.66
 28.14, -76.55
 28.07, -76.48
 28.01, -76.44
 27.92, -76.34
 27.91, -76.33
 27.85, -76.2
 27.84, -76.07
 27.84, -75.98
 27.85, -75.93
 27.88, -75.78
 27.91, -75.71
 27.96, -75.62
 28.0, -75.54
 28.03, -75.46
 28.06, -75.31
 28.06, -75.25
 28.06, -75.17
 28.06, -75.03
 28.07, -74.89
 28.08, -74.79
 28.08, -74.74
 28.11, -74.6
 28.14, -74.51
 28.16, -74.44
 28.22, -74.32
 28.24, -74.28
 28.31, -74.17
 28.37, -74.1
 28.41, -74.05
 28.51, -73.94
 28.53, -73.91
 28.61, -73.83
 28.71, -73.74
 28.75, -73.7
 28.81, -73.65
 28.92, -73.57
 29.03, -73.51
 29.14, -73.46
 29.25, -73.41
 29.29, -73.4
 29.37, -73.36
 29.48, -73.32
 29.6, -73.27
 29.71, -73.23
 29.83, -73.19
 29.94, -73.14
 30.05, -73.1
 30.17, -73.05
 30.28, -73.0
 30.39, -72.95
 30.5, -72.89
 30.6, -72.84
 30.62, -72.83
 30.73, -72.77
 30.84, -72.71
 30.95, -72.66
 31.06, -72.61
 31.18, -72.56
 31.29, -72.51
 31.4, -72.45
 31.47, -72.41
 31.51, -72.39
 31.62, -72.32
 31.73, -72.26
 31.84, -72.19
 31.95, -72.13
 32.05, -72.07
 32.07, -72.06
 32.17, -72.0
 32.28, -71.93
 32.4, -71.87
 32.51, -71.81
 32.62, -71.75
 32.69, -71.71
 32.73, -71.68
 32.84, -71.62
 32.95, -71.55
 33.06, -71.49
 33.17, -71.43
 33.28, -71.37
 33.4, -71.32
 33.45, -71.3
 33.51, -71.26
 33.62, -71.2
 33.74, -71.15
 33.85, -71.09
 33.96, -71.04
 34.08, -70.99
 34.19, -70.94
 34.31, -70.89
 34.42, -70.84
 34.53, -70.78
 34.64, -70.72
 34.68, -70.7
 34.76, -70.66
 34.87, -70.59
 34.98, -70.52
 35.09, -70.45
 35.19, -70.37
 35.23, -70.34
 35.3, -70.28
 35.4, -70.18
 35.46, -70.1
 35.49, -70.03
 35.54, -69.92
End:

Color: 221 86 78 255
Line: 1, 0, "25.0"
 39.73, -68.23
 39.74, -68.39
 39.73, -68.56
 39.72, -68.58
 39.7, -68.74
 39.67, -68.88
 39.66, -68.92
 39.62, -69.11
 39.61, -69.15
 39.57, -69.29
 39.54, -69.41
 39.53, -69.47
 39.49, -69.66
 39.48, -69.68
 39.46, -69.83
 39.44, -70.01
 39.44, -70.03
 39.44, -70.17
 39.45, -70.33
 39.47, -70.49
 39.5, -70.64
 39.54, -70.79
 39.58, -70.94
 39.63, -71.09
 39.66, -71.24
 39.69, -71.39
 39.7, -71.55
 39.69, -71.66
 39.67, -71.73
 39.6, -71.86
 39.52, -71.95
 39.5, -71.97
 39.4, -72.07
 39.29, -72.18
 39.27, -72.21
 39.19, -72.29
 39.09, -72.4
 39.06, -72.44
 38.99, -72.54
 38.94, -72.65
 38.9, -72.72
 38.84, -72.85
 38.82, -72.9
 38.74, -73.04
 38.73, -73.07
 38.64, -73.24
 38.63, -73.24
 38.54, -73.37
 38.43, -73.43
 38.29, -73.4
 38.26, -73.37
 38.14, -73.26
 38.13, -73.25
 38.03, -73.13
 37.97, -73.06
 37.91, -73.01
 37.82, -72.95
 37.7, -72.93
 37.69, -72.92
 37.63, -72.95
 37.57, -72.97
 37.48, -73.13
 37.47, -73.16
 37.43, -73.34
 37.41, -73.4
 37.39, -73.51
 37.35, -73.68
 37.34, -73.69
 37.25, -73.86
 37.25, -73.87
 37.15, -73.97
 37.04, -74.04
 36.92, -74.08
 36.8, -74.11
 36.68, -74.12
 36.55, -74.12
 36.49, -74.12
 36.43, -74.12
 36.3, -74.11
 36.17, -74.1
 36.08, -74.09
 36.05, -74.09
 35.92, -74.12
 35.81, -74.15
 35.69, -74.2
 35.57, -74.24
 35.45, -74.25
 35.32, -74.23
 35.24, -74.21
 35.19, -74.19
 35.05, -74.16
 34.95, -74.15
 34.93, -74.15
 34.81, -74.18
 34.77, -74.2
 34.7, -74.25
 34.59, -74.35
 34.49, -74.44
 34.49, -74.44
 34.38, -74.55
 34.28, -74.65
 34.26, -74.67
 34.17, -74.75
 34.07, -74.84
 33.96, -74.9
 33.9, -74.93
 33.84, -74.95
 33.72, -74.99
 33.69, -74.99
 33.6, -75.01
 33.48, -75.03
 33.36, -75.05
 33.24, -75.08
 33.13, -75.12
 33.03, -75.19
 33.02, -75.2
 32.92, -75.33
 32.89, -75.37
 32.83, -75.51
 32.81, -75.55
 32.74, -75.68
 32.71, -75.72
 32.64, -75.82
 32.54, -75.92
 32.53, -75.92
 32.43, -75.99
 32.32, -76.04
 32.2, -76.08
 32.09, -76.14
 31.98, -76.22
 31.98, -76.23
 31.88, -76.36
 31.84, -76.41
 31.78, -76.48
 31.68, -76.58
 31.65, -76.61
 31.57, -76.69
 31.48, -76.8
 31.47, -76.81
 31.38, -76.95
 31.35, -76.98
 31.28, -77.07
 31.17, -77.14
 31.05, -77.18
 30.93, -77.2
 30.81, -77.21
 30.68, -77.21
 30.56, -77.2
 30.53, -77.2
 30.44, -77.2
 30.32, -77.22
 30.2, -77.25
 30.08, -77.29
 29.97, -77.34
 29.94, -77.35
 29.86, -77.4
 29.75, -77.49
 29.7, -77.55
 29.65, -77.63
 29.6, -77.72
 29.56, -77.8
 29.53, -77.88
 29.48, -78.03
 29.48, -78.03
 29.46, -78.18
 29.44, -78.32
 29.43, -78.41
 29.42, -78.47
 29.35, -78.63
 29.35, -78.63
 29.25, -78.76
 29.22, -78.8
 29.15, -78.89
 29.09, -78.97
 29.05, -79.02
 28.97, -79.14
 28.95, -79.16
 28.85, -79.3
 28.85, -79.31
 28.76, -79.45
 28.75, -79.47
 28.66, -79.62
 28.66, -79.63
 28.57, -79.78
 28.56, -79.79
 28.47, -79.92
 28.44, -79.96
 28.37, -80.05
 28.3, -80.13
 28.27, -80.16
 28.17, -80.29
 28.16, -80.29
 28.09, -80.45
 28.08, -80.5
 28.07, -80.59
 28.07, -80.73
 28.08, -80.86
 28.08, -81.0
 28.08, -81.14
 28.09, -81.28
 28.12, -81.41
 28.16, -81.54
 28.2, -81.67
 28.24, -81.8
 28.29, -81.93
 28.31, -82.0
 28.34, -82.06
 28.39, -82.18
 28.42, -82.32
 28.42, -82.46
 28.39, -82.53
 28.37, -82.6
 28.31, -82.75
 28.3, -82.77
 28.24, -82.9
 28.21, -82.96
 28.13, -83.06
 28.11, -83.09
 28.0, -83.22
 28.0, -83.22
 27.92, -83.37
 27.91, -83.4
 27.84, -83.52
 27.81, -83.57
 27.7, -83.67
 27.58, -83.68
 27.46, -83.68
 27.35, -83.73
 27.34, -83.75
 27.28, -83.89
 27.26, -83.97
 27.25, -84.03
 27.24, -84.17
 27.23, -84.31
 27.21, -84.45
 27.21, -84.5
 27.2, -84.58
 27.21, -84.72
 27.22, -84.85
 27.23, -84.99
 27.25, -85.12
 27.26, -85.25
 27.27, -85.39
 27.28, -85.52
 27.28, -85.66
 27.24, -85.79
 27.24, -85.8
 27.21, -85.94
 27.17, -86.08
 27.16, -86.12
 27.14, -86.22
 27.15, -86.35
 27.18, -86.49
 27.21, -86.59
 27.22, -86.62
 27.27, -86.74
 27.33, -86.87
 27.37, -86.96
 27.41, -87.0
 27.49, -87.04
 27.58, -86.97
 27.61, -86.95
 27.68, -86.83
 27.71, -86.74
 27.72, -86.68
 27.74, -86.55
 27.72, -86.41
 27.69, -86.28
 27.65, -86.15
 27.63, -86.08
 27.62, -86.02
 27.59, -85.89
 27.58, -85.75
 27.59, -85.69
 27.6, -85.61
 27.67, -85.47
 27.68, -85.44
 27.79, -85.36
 27.91, -85.35
 28.04, -85.36
 28.16, -85.36
 28.28, -85.37
 28.29, -85.37
 28.41, -85.43
 28.46, -85.48
 28.51, -85.62
 28.52, -85.75
 28.52, -85.89
 28.53, -86.02
 28.56, -86.16
 28.6, -86.29
 28.63, -86.42
 28.64, -86.56
 28.61, -86.7
 28.56, -86.83
 28.55, -86.85
 28.45, -86.97
 28.42, -87.0
 28.34, -87.1
 28.31, -87.15
 28.26, -87.3
 28.25, -87.35
 28.24, -87.44
 28.22, -87.58
 28.18, -87.72
 28.17, -87.77
 28.15, -87.86
 28.13, -88.0
 28.12, -88.14
 28.14, -88.27
 28.17, -88.4
 28.19, -88.54
 28.2, -88.67
 28.2, -88.81
 28.18, -88.95
 28.16, -89.08
 28.16, -89.09
 28.14, -89.23
 28.1, -89.37
 28.07, -89.45
 28.05, -89.51
 27.98, -89.65
 27.97, -89.67
 27.9, -89.79
 27.86, -89.87
 27.82, -89.94
 27.75, -90.03
 27.7, -90.08
 27.64, -90.14
 27.52, -90.19
 27.4, -90.18
 27.28, -90.13
 27.27, -90.12
 27.15, -90.05
 27.07, -90.01
 27.03, -89.99
 26.91, -89.92
 26.87, -89.89
 26.78, -89.81
 26.75, -89.77
 26.66, -89.64
 26.64, -89.62
 26.58, -89.52
 26.51, -89.39
 26.5, -89.39
 26.42, -89.27
 26.37, -89.2
 26.32, -89.14
 26.24, -89.06
 26.2, -89.02
 26.11, -88.94
 26.07, -88.9
 25.98, -88.81
 25.95, -88.78
 25.85, -88.67
 25.84, -88.66
 25.76, -88.53
 25.71, -88.42
 25.7, -88.41
 25.64, -88.28
 25.57, -88.16
 25.56, -88.14
 25.49, -88.03
 25.45, -87.91
 25.44, -87.78
 25.42, -87.65
 25.4, -87.52
 25.37, -87.43
 25.36, -87.39
 25.3, -87.26
 25.23, -87.17
 25.2, -87.14
 25.1, -87.07
 25.03, -87.03
 24.97, -87.01
 24.85, -86.97
 24.73, -86.95
End:

Color: 221 86 78 255
Line: 1, 0, "25.0"
 29.17, -87.46
 29.19, -87.32
 29.21, -87.29
 29.31, -87.16
 29.32, -87.15
 29.43, -87.1
 29.54, -87.13
 29.56, -87.14
 29.61, -87.26
 29.62, -87.4
 29.6, -87.53
 29.59, -87.54
 29.48, -87.62
 29.36, -87.63
 29.24, -87.59
 29.24, -87.59
 29.17, -87.46
End:

Color: 221 86 78 255
Line: 1, 0, "25.0"
 30.25, -85.78
 30.22, -85.64
 30.2, -85.5
 30.21, -85.36
 30.22, -85.33
 30.24, -85.21
 30.29, -85.06
 30.3, -85.04
 30.41, -84.91
 30.42, -84.9
 30.52, -84.83
 30.63, -84.76
 30.72, -84.71
 30.75, -84.7
 30.79, -84.7
 30.87, -84.72
 30.95, -84.82
 30.99, -84.95
 30.97, -85.1
 30.93, -85.21
 30.92, -85.25
 30.87, -85.4
 30.84, -85.45
 30.8, -85.55
 30.74, -85.67
 30.72, -85.7
 30.65, -85.86
 30.64, -85.87
 30.53, -86.0
 30.41, -86.02
 30.31, -85.91
 30.27, -85.84
 30.25, -85.78
End:

Color: 221 86 78 255
Line: 1, 0, "25.0"
 31.46, -85.16
 31.45, -85.02
 31.5, -84.89
 31.51, -84.87
 31.58, -84.71
 31.6, -84.67
 31.63, -84.56
 31.65, -84.42
 31.67, -84.27
 31.67, -84.24
 31.68, -84.12
 31.71, -83.97
 31.75, -83.89
 31.8, -83.82
 31.85, -83.76
 31.97, -83.68
 32.03, -83.63
 32.08, -83.6
 32.19, -83.51
 32.26, -83.44
 32.3, -83.41
 32.41, -83.31
 32.48, -83.26
 32.52, -83.22
 32.63, -83.13
 32.74, -83.06
 32.87, -83.07
 32.98, -83.17
 33.01, -83.2
 33.14, -83.24
 33.15, -83.13
 33.17, -82.98
 33.17, -82.84
 33.13, -82.7
 33.09, -82.56
 33.07, -82.42
 33.06, -82.27
 33.06, -82.12
 33.06, -81.98
 33.05, -81.83
 33.06, -81.78
 33.08, -81.68
 33.15, -81.58
 33.27, -81.53
 33.39, -81.53
 33.52, -81.54
 33.63, -81.5
 33.67, -81.41
 33.73, -81.32
 33.76, -81.24
 33.83, -81.14
 33.89, -81.07
 33.93, -81.02
 34.04, -80.91
 34.07, -80.88
 34.14, -80.78
 34.2, -80.7
 34.24, -80.62
 34.29, -80.53
 34.34, -80.46
 34.41, -80.35
 34.44, -80.31
 34.54, -80.18
 34.56, -80.17
 34.65, -80.07
 34.76, -79.98
 34.79, -79.96
 34.87, -79.91
 34.99, -79.85
 35.11, -79.82
 35.23, -79.84
 35.26, -79.85
 35.37, -79.94
 35.4, -79.97
 35.48, -80.1
 35.52, -80.25
 35.55, -80.39
 35.57, -80.54
 35.6, -80.68
 35.62, -80.75
 35.66, -80.82
 35.77, -80.94
 35.89, -80.89
 35.97, -80.75
 35.99, -80.73
 36.06, -80.58
 36.09, -80.55
 36.18, -80.4
 36.19, -80.39
 36.28, -80.22
 36.28, -80.22
 36.31, -80.06
 36.31, -79.91
 36.3, -79.76
 36.29, -79.6
 36.29, -79.47
 36.29, -79.45
 36.29, -79.3
 36.28, -79.14
 36.26, -79.0
 36.21, -78.85
 36.18, -78.8
 36.13, -78.72
 36.02, -78.61
 36.01, -78.6
 35.88, -78.49
 35.86, -78.48
 35.76, -78.36
 35.72, -78.21
 35.76, -78.05
 35.79, -78.0
 35.9, -77.88
 35.93, -77.85
 36.01, -77.78
 36.11, -77.69
 36.2, -77.62
 36.22, -77.6
 36.33, -77.49
 36.37, -77.42
 36.38, -77.27
 36.34, -77.12
 36.28, -76.98
 36.22, -76.84
 36.19, -76.73
 36.18, -76.7
 36.18, -76.66
 36.18, -76.55
 36.25, -76.37
 36.25, -76.37
 36.34, -76.22
 36.36, -76.18
 36.44, -76.07
 36.51, -75.98
 36.54, -75.95
 36.66, -75.91
 36.72, -75.92
 36.79, -75.93
 36.93, -76.02
 36.93, -76.02
 37.08, -76.11
 37.09, -76.12
 37.22, -76.2
 37.26, -76.23
 37.36, -76.29
 37.44, -76.34
 37.5, -76.38
 37.58, -76.45
 37.65, -76.53
 37.69, -76.58
 37.77, -76.71
 37.83, -76.85
 37.84, -76.88
 37.88, -77.0
 37.91, -77.15
 37.93, -77.3
 37.95, -77.45
 38.01, -77.59
 38.1, -77.73
 38.12, -77.74
 38.25, -77.8
 38.38, -77.79
 38.48, -77.69
 38.53, -77.61
 38.58, -77.5
 38.63, -77.42
 38.68, -77.36
 38.79, -77.28
 38.9, -77.2
 38.91, -77.18
 38.99, -77.03
 39.0, -76.99
 39.05, -76.82
 39.07, -76.77
 39.11, -76.64
 39.16, -76.54
 39.23, -76.44
 39.26, -76.4
 39.37, -76.33
 39.5, -76.35
 39.51, -76.36
 39.64, -76.45
 39.66, -76.47
 39.78, -76.6
 39.79, -76.61
 39.91, -76.72
 39.94, -76.75
 40.08, -76.82
 40.11, -76.83
 40.21, -76.86
 40.31, -76.93
 40.35, -76.96
 40.44, -77.06
 40.51, -77.12
 40.58, -77.18
 40.65, -77.21
 40.78, -77.25
 40.84, -77.27
 40.91, -77.27
 41.03, -77.28
 41.16, -77.3
 41.24, -77.31
 41.29, -77.32
 41.41, -77.32
 41.53, -77.29
 41.65, -77.26
 41.78, -77.27
 41.85, -77.3
 41.91, -77.32
 42.05, -77.4
 42.06, -77.4
 42.18, -77.46
 42.29, -77.5
 42.32, -77.51
 42.44, -77.53
 42.58, -77.58
 42.59, -77.58
 42.71, -77.65
 42.77, -77.7
 42.86, -77.78
 42.91, -77.82
 43.0, -77.88
 43.11, -77.93
 43.13, -77.94
 43.26, -77.99
 43.33, -78.04
 43.41, -78.11
 43.45, -78.17
 43.53, -78.32
 43.56, -78.49
 43.57, -78.65
 43.53, -78.84
 43.52, -78.87
 43.45, -79.03
 43.43, -79.07
 43.32, -79.21
 43.29, -79.24
 43.22, -79.35
 43.15, -79.45
 43.13, -79.58
 43.12, -79.63
 43.15, -79.79
 43.17, -79.87
 43.19, -79.95
 43.24, -80.11
 43.29, -80.26
 43.33, -80.42
 43.38, -80.58
 43.4, -80.63
 43.45, -80.73
 43.54, -80.88
 43.56, -80.91
 43.66, -81.02
 43.71, -81.08
 43.79, -81.16
 43.85, -81.25
 43.9, -81.3
 43.94, -81.46
 43.89, -81.54
 43.8, -81.67
 43.78, -81.68
 43.67, -81.77
 43.56, -81.86
 43.52, -81.9
 43.45, -81.99
 43.39, -82.1
 43.36, -82.23
 43.35, -82.28
 43.38, -82.44
 43.39, -82.45
 43.49, -82.59
 43.53, -82.62
 43.66, -82.7
 43.69, -82.72
 43.8, -82.85
 43.8, -82.86
 43.81, -82.89
 43.81, -83.03
 43.72, -83.17
 43.62, -83.24
 43.6, -83.25
 43.48, -83.29
 43.36, -83.32
 43.32, -83.3
 43.24, -83.29
 43.11, -83.18
 43.1, -83.18
 42.97, -83.06
 42.95, -83.05
 42.83, -82.9
 42.82, -82.88
 42.77, -82.75
 42.73, -82.59
 42.66, -82.44
 42.64, -82.42
 42.53, -82.3
 42.5, -82.27
 42.42, -82.16
 42.38, -82.0
 42.39, -81.83
 42.43, -81.73
 42.48, -81.64
 42.54, -81.57
 42.64, -81.45
 42.66, -81.43
 42.75, -81.31
 42.81, -81.23
 42.84, -81.08
 42.85, -81.05
 42.82, -80.94
 42.81, -80.89
 42.76, -80.74
 42.72, -80.58
 42.71, -80.41
 42.73, -80.24
 42.73, -80.23
 42.74, -80.07
 42.75, -79.9
 42.69, -79.75
 42.66, -79.73
 42.54, -79.75
 42.42, -79.82
 42.42, -79.82
 42.31, -79.93
 42.25, -80.03
 42.21, -80.09
 42.16, -80.22
 42.12, -80.33
 42.1, -80.4
 42.04, -80.58
 42.04, -80.6
 41.94, -80.77
 41.94, -80.78
 41.83, -80.88
 41.71, -80.92
 41.58, -80.89
 41.54, -80.87
 41.45, -80.84
 41.32, -80.79
 41.27, -80.77
 41.19, -80.76
 41.07, -80.74
 40.94, -80.72
 40.87, -80.71
 40.81, -80.7
 40.69, -80.68
 40.56, -80.68
 40.44, -80.69
 40.33, -80.75
 40.21, -80.83
 40.14, -80.88
 40.1, -80.91
 39.99, -80.99
 39.87, -81.06
 39.76, -81.12
 39.64, -81.16
 39.64, -81.16
 39.52, -81.2
 39.4, -81.23
 39.28, -81.26
 39.16, -81.3
 39.05, -81.36
 38.94, -81.43
 38.82, -81.51
 38.81, -81.51
 38.71, -81.57
 38.59, -81.6
 38.47, -81.61
 38.39, -81.61
 38.34, -81.6
 38.21, -81.56
 38.13, -81.51
 38.08, -81.36
 38.12, -81.19
 38.15, -81.13
 38.2, -81.02
 38.25, -80.94
 38.3, -80.84
 38.35, -80.77
 38.41, -80.65
 38.44, -80.59
 38.49, -80.48
 38.53, -80.33
 38.54, -80.31
 38.56, -80.14
 38.56, -79.99
 38.54, -79.83
 38.49, -79.68
 38.43, -79.54
 38.41, -79.52
 38.29, -79.55
 38.27, -79.58
 38.19, -79.69
 38.13, -79.77
 38.08, -79.82
 37.98, -79.93
 37.91, -79.99
 37.87, -80.03
 37.75, -80.1
 37.64, -80.14
 37.52, -80.18
 37.4, -80.23
 37.28, -80.27
 37.17, -80.32
 37.15, -80.32
 37.05, -80.37
 36.93, -80.42
 36.82, -80.48
 36.71, -80.56
 36.66, -80.59
 36.6, -80.66
 36.49, -80.78
 36.48, -80.79
 36.38, -80.9
 36.31, -80.98
 36.28, -81.02
 36.17, -81.11
 36.08, -81.19
 36.06, -81.2
 35.95, -81.28
 35.84, -81.38
 35.82, -81.4
 35.72, -81.45
 35.61, -81.51
 35.49, -81.56
 35.38, -81.64
 35.38, -81.64
 35.28, -81.78
 35.26, -81.82
 35.18, -81.96
 35.16, -81.99
 35.08, -82.13
 35.05, -82.17
 34.97, -82.26
 34.86, -82.35
 34.85, -82.36
 34.75, -82.42
 34.63, -82.47
 34.52, -82.53
 34.4, -82.6
 34.4, -82.6
 34.29, -82.69
 34.18, -82.79
 34.18, -82.79
 34.07, -82.9
 34.01, -82.97
 33.97, -83.02
 33.86, -83.13
 33.83, -83.15
 33.75, -83.22
 33.63, -83.29
 33.52, -83.34
 33.4, -83.37
 33.28, -83.38
 33.21, -83.42
 33.16, -83.46
 33.15, -83.57
 33.12, -83.72
 33.09, -83.86
 33.09, -83.88
 33.04, -84.03
 33.0, -84.11
 32.97, -84.19
 32.9, -84.31
 32.87, -84.35
 32.8, -84.47
 32.76, -84.52
 32.69, -84.6
 32.58, -84.69
 32.55, -84.7
 32.46, -84.74
 32.38, -84.73
 32.34, -84.73
 32.22, -84.71
 32.1, -84.73
 32.03, -84.78
 31.99, -84.83
 31.89, -84.95
 31.88, -84.97
 31.77, -85.1
 31.75, -85.12
 31.66, -85.19
 31.54, -85.2
 31.46, -85.16
End:

Color: 221 86 78 255
Line: 1, 0, "25.0"
 38.66, -83.28
 38.65, -83.13
 38.66, -83.09
 38.72, -82.96
 38.76, -82.92
 38.88, -82.86
 38.99, -82.82
 39.11, -82.8
 39.24, -82.78
 39.36, -82.78
 39.45, -82.81
 39.49, -82.83
 39.61, -82.93
 39.63, -82.94
 39.75, -82.99
 39.88, -82.99
 40.0, -82.96
 40.11, -82.89
 40.23, -82.84
 40.35, -82.83
 40.48, -82.84
 40.61, -82.89
 40.61, -82.89
 40.74, -82.94
 40.84, -83.0
 40.87, -83.01
 41.0, -83.06
 41.12, -83.07
 41.24, -83.03
 41.35, -82.96
 41.47, -82.89
 41.59, -82.89
 41.72, -82.98
 41.73, -82.98
 41.85, -83.11
 41.87, -83.13
 41.99, -83.25
 42.0, -83.26
 42.13, -83.39
 42.14, -83.41
 42.21, -83.54
 42.26, -83.69
 42.28, -83.85
 42.3, -84.02
 42.31, -84.18
 42.3, -84.35
 42.26, -84.5
 42.26, -84.52
 42.16, -84.67
 42.12, -84.71
 42.05, -84.8
 41.98, -84.91
 41.95, -84.99
 41.92, -85.08
 41.91, -85.25
 41.91, -85.41
 41.9, -85.58
 41.89, -85.65
 41.86, -85.75
 41.8, -85.93
 41.8, -85.95
 41.69, -86.11
 41.69, -86.11
 41.57, -86.16
 41.52, -86.14
 41.46, -85.98
 41.46, -85.82
 41.46, -85.66
 41.43, -85.5
 41.37, -85.39
 41.34, -85.35
 41.24, -85.27
 41.12, -85.23
 41.11, -85.22
 40.99, -85.23
 40.87, -85.26
 40.75, -85.26
 40.62, -85.21
 40.57, -85.16
 40.48, -85.02
 40.47, -84.98
 40.44, -84.86
 40.44, -84.7
 40.44, -84.7
 40.48, -84.53
 40.53, -84.36
 40.53, -84.36
 40.53, -84.35
 40.48, -84.21
 40.38, -84.16
 40.26, -84.12
 40.14, -84.14
 40.02, -84.21
 39.91, -84.32
 39.91, -84.32
 39.8, -84.42
 39.68, -84.45
 39.55, -84.41
 39.52, -84.39
 39.42, -84.32
 39.34, -84.26
 39.28, -84.22
 39.19, -84.13
 39.14, -84.08
 39.09, -83.99
 39.0, -83.87
 38.99, -83.85
 38.88, -83.72
 38.85, -83.68
 38.79, -83.58
 38.71, -83.43
 38.69, -83.37
 38.66, -83.28
End:

Color: 221 86 78 255
Line: 1, 0, "25.0"
 40.78, -87.07
 40.71, -86.92
 40.7, -86.76
 40.75, -86.59
 40.75, -86.59
 40.86, -86.46
 40.98, -86.39
 40.98, -86.39
 41.0, -86.39
 41.1, -86.38
 41.2, -86.52
 41.19, -86.68
 41.14, -86.84
 41.14, -86.85
 41.04, -87.03
 41.04, -87.04
 40.92, -87.12
 40.8, -87.09
 40.78, -87.07
End:

Color: 221 86 78 255
Line: 1, 0, "25.0"
 43.65, -85.1
 43.59, -84.94
 43.58, -84.77
 43.61, -84.6
 43.62, -84.57
 43.68, -84.41
 43.72, -84.34
 43.83, -84.22
 43.95, -84.19
 44.08, -84.28
 44.11, -84.33
 44.17, -84.49
 44.21, -84.65
 44.22, -84.82
 44.2, -84.99
 44.16, -85.1
 44.09, -85.18
 44.05, -85.22
 43.93, -85.24
 43.87, -85.22
 43.81, -85.21
 43.68, -85.12
 43.65, -85.1
End:

Color: 221 86 78 255
Line: 1, 0, "25.0"
 43.23, -77.05
 43.13, -76.91
 43.07, -76.75
 43.04, -76.59
 43.02, -76.43
 43.01, -76.26
 43.04, -76.08
 43.07, -76.05
 43.1, -76.06
 43.21, -76.13
 43.24, -76.19
 43.31, -76.34
 43.35, -76.5
 43.38, -76.66
 43.37, -76.83
 43.35, -76.97
 43.25, -77.04
 43.24, -77.05
 43.23, -77.05
End:

Color: 221 86 78 255
Line: 1, 0, "25.0"
 46.81, -103.18
 46.78, -103.0
 46.8, -102.82
 46.83, -102.76
 46.88, -102.65
 46.96, -102.55
 47.02, -102.49
 47.09, -102.44
 47.21, -102.39
 47.33, -102.42
 47.45, -102.5
 47.48, -102.53
 47.56, -102.6
 47.68, -102.72
 47.68, -102.72
 47.79, -102.84
 47.85, -102.92
 47.91, -102.99
 47.98, -103.11
 48.02, -103.2
 48.06, -103.29
 48.07, -103.47
 48.03, -103.65
 48.0, -103.7
 47.92, -103.82
 47.87, -103.87
 47.75, -103.93
 47.63, -103.93
 47.51, -103.88
 47.39, -103.8
 47.34, -103.76
 47.28, -103.7
 47.16, -103.58
 47.14, -103.56
 47.04, -103.47
 46.94, -103.37
 46.93, -103.36
 46.81, -103.19
 46.81, -103.18
End:

Color: 221 86 78 255
Line: 2, 0, "50.0"
 24.6, -85.79
 24.6, -85.77
 24.6, -85.64
 24.58, -85.51
 24.55, -85.39
 24.55, -85.37
End:

Color: 221 86 78 255
Line: 2, 0, "50.0"
 24.52, -85.15
 24.52, -85.13
 24.56, -84.99
 24.6, -84.85
 24.61, -84.85
 24.62, -84.72
 24.64, -84.59
 24.68, -84.47
 24.68, -84.45
 24.74, -84.31
 24.77, -84.26
 24.82, -84.16
 24.87, -84.09
 24.93, -84.01
 24.97, -83.97
 25.08, -83.89
 25.11, -83.85
 25.18, -83.78
 25.23, -83.7
 25.28, -83.61
 25.3, -83.55
 25.34, -83.41
 25.34, -83.28
 25.33, -83.15
 25.29, -83.02
 25.23, -82.9
 25.17, -82.8
 25.15, -82.78
 25.05, -82.67
 25.02, -82.64
 24.94, -82.55
 24.87, -82.45
 24.86, -82.44
 24.86, -82.36
 24.86, -82.3
 24.95, -82.15
 24.95, -82.15
 25.05, -82.01
 25.05, -82.0
 25.14, -81.85
 25.14, -81.84
 25.22, -81.7
 25.24, -81.68
 25.32, -81.55
 25.33, -81.53
 25.39, -81.41
 25.42, -81.32
 25.43, -81.26
 25.44, -81.13
 25.41, -81.0
 25.38, -80.87
 25.34, -80.75
 25.32, -80.62
 25.3, -80.49
 25.3, -80.35
 25.32, -80.22
 25.35, -80.14
 25.38, -80.07
 25.44, -79.97
 25.48, -79.91
 25.53, -79.83
 25.57, -79.76
 25.62, -79.64
 25.63, -79.61
 25.67, -79.47
 25.7, -79.39
 25.71, -79.33
 25.76, -79.18
 25.77, -79.14
 25.81, -79.03
 25.86, -78.94
 25.89, -78.88
 25.95, -78.78
 25.98, -78.73
 26.04, -78.6
 26.04, -78.58
 26.08, -78.43
 26.11, -78.31
 26.11, -78.29
 26.17, -78.14
 26.19, -78.11
 26.29, -78.02
 26.41, -77.98
 26.53, -77.99
 26.62, -78.03
 26.67, -78.05
 26.78, -78.13
 26.81, -78.15
 26.92, -78.23
 26.95, -78.25
 27.07, -78.33
 27.09, -78.34
 27.22, -78.39
 27.34, -78.41
 27.34, -78.41
 27.47, -78.4
 27.58, -78.38
 27.7, -78.36
 27.82, -78.32
 27.93, -78.27
 27.96, -78.26
 28.04, -78.21
 28.15, -78.14
 28.26, -78.07
 28.29, -78.04
 28.36, -77.97
 28.45, -77.86
 28.46, -77.85
 28.54, -77.7
 28.55, -77.67
 28.59, -77.55
 28.62, -77.4
 28.62, -77.38
 28.63, -77.26
 28.63, -77.12
 28.62, -76.98
 28.6, -76.85
 28.56, -76.72
 28.51, -76.59
 28.47, -76.46
 28.44, -76.33
 28.42, -76.19
 28.43, -76.05
 28.46, -75.97
 28.49, -75.89
 28.54, -75.79
 28.58, -75.73
 28.63, -75.63
 28.66, -75.56
 28.68, -75.42
 28.66, -75.28
 28.6, -75.16
 28.54, -75.03
 28.49, -74.91
 28.45, -74.8
 28.45, -74.78
 28.44, -74.76
 28.43, -74.65
 28.44, -74.5
 28.48, -74.37
 28.49, -74.34
 28.57, -74.21
 28.6, -74.17
 28.66, -74.09
 28.76, -73.98
 28.76, -73.98
 28.87, -73.88
 28.97, -73.8
 29.04, -73.76
 29.08, -73.73
 29.19, -73.67
 29.3, -73.62
 29.42, -73.58
 29.53, -73.54
 29.65, -73.51
 29.77, -73.47
 29.88, -73.44
 30.0, -73.4
 30.12, -73.36
 30.23, -73.32
 30.34, -73.27
 30.46, -73.23
 30.57, -73.18
 30.69, -73.14
 30.8, -73.1
 30.92, -73.06
 31.03, -73.01
 31.15, -72.97
 31.26, -72.92
 31.27, -72.92
 31.37, -72.86
 31.48, -72.79
 31.59, -72.71
 31.69, -72.64
 31.7, -72.63
 31.8, -72.55
 31.91, -72.48
 32.02, -72.41
 32.13, -72.35
 32.13, -72.34
 32.24, -72.28
 32.35, -72.21
 32.46, -72.15
 32.58, -72.09
 32.69, -72.03
 32.79, -71.97
 32.8, -71.97
 32.91, -71.9
 33.02, -71.83
 33.13, -71.77
 33.24, -71.7
 33.35, -71.64
 33.4, -71.61
 33.46, -71.58
 33.58, -71.53
 33.69, -71.48
 33.81, -71.43
 33.92, -71.39
 34.04, -71.36
 34.16, -71.34
 34.24, -71.32
 34.28, -71.31
 34.4, -71.28
 34.52, -71.23
 34.57, -71.2
 34.63, -71.17
 34.74, -71.1
 34.85, -71.02
 34.95, -70.94
 35.03, -70.88
 35.06, -70.86
 35.17, -70.77
 35.27, -70.69
 35.38, -70.62
 35.43, -70.58
 35.49, -70.53
 35.59, -70.45
 35.7, -70.35
 35.74, -70.31
 35.8, -70.25
 35.9, -70.15
 36.01, -70.06
 36.03, -70.04
 36.11, -69.97
 36.22, -69.88
 36.32, -69.79
 36.35, -69.76
 36.42, -69.66
 36.46, -69.56
End:

Color: 221 86 78 255
Line: 2, 0, "50.0"
 39.56, -68.3
 39.57, -68.46
 39.57, -68.46
 39.55, -68.64
 39.52, -68.78
 39.51, -68.82
 39.45, -69.01
 39.45, -69.02
 39.4, -69.2
 39.38, -69.26
 39.34, -69.38
 39.31, -69.5
 39.29, -69.57
 39.25, -69.75
 39.25, -69.76
 39.21, -69.93
 39.19, -70.07
 39.18, -70.11
 39.17, -70.28
 39.16, -70.44
 39.16, -70.47
 39.16, -70.61
 39.17, -70.77
 39.2, -70.92
 39.23, -71.07
 39.26, -71.23
 39.24, -71.39
 39.24, -71.4
 39.16, -71.58
 39.15, -71.59
 39.07, -71.73
 39.03, -71.8
 38.97, -71.88
 38.88, -72.02
 38.88, -72.02
 38.79, -72.18
 38.77, -72.22
 38.7, -72.37
 38.68, -72.42
 38.61, -72.54
 38.53, -72.63
 38.51, -72.65
 38.43, -72.67
 38.39, -72.68
 38.25, -72.62
 38.2, -72.59
 38.11, -72.57
 37.98, -72.55
 37.86, -72.55
 37.85, -72.55
 37.73, -72.57
 37.61, -72.6
 37.5, -72.65
 37.39, -72.71
 37.39, -72.71
 37.29, -72.83
 37.23, -72.93
 37.2, -73.02
 37.18, -73.1
 37.16, -73.27
 37.15, -73.36
 37.14, -73.43
 37.09, -73.61
 37.08, -73.62
 36.98, -73.76
 36.88, -73.84
 36.87, -73.84
 36.76, -73.88
 36.71, -73.89
 36.63, -73.91
 36.51, -73.92
 36.38, -73.91
 36.26, -73.9
 36.2, -73.9
 36.13, -73.9
 36.01, -73.91
 35.88, -73.93
 35.77, -73.96
 35.65, -73.99
 35.52, -74.01
 35.4, -74.0
 35.4, -74.0
 35.27, -73.98
 35.14, -73.95
 35.1, -73.95
 35.01, -73.94
 34.88, -73.95
 34.77, -73.99
 34.66, -74.06
 34.62, -74.1
 34.55, -74.16
 34.45, -74.27
 34.4, -74.32
 34.35, -74.37
 34.24, -74.47
 34.13, -74.55
 34.11, -74.56
 34.02, -74.62
 33.91, -74.69
 33.8, -74.74
 33.68, -74.78
 33.56, -74.82
 33.44, -74.85
 33.32, -74.88
 33.21, -74.91
 33.09, -74.94
 32.97, -74.99
 32.86, -75.07
 32.83, -75.09
 32.76, -75.18
 32.69, -75.29
 32.67, -75.33
 32.57, -75.46
 32.55, -75.47
 32.46, -75.55
 32.35, -75.6
 32.24, -75.64
 32.12, -75.7
 32.01, -75.78
 32.01, -75.78
 31.91, -75.89
 31.85, -75.97
 31.81, -76.02
 31.72, -76.15
 31.72, -76.16
 31.62, -76.29
 31.58, -76.33
 31.52, -76.41
 31.42, -76.52
 31.41, -76.53
 31.32, -76.64
 31.26, -76.71
 31.22, -76.78
 31.12, -76.89
 31.11, -76.9
 31.01, -76.97
 30.89, -77.02
 30.77, -77.04
 30.65, -77.05
 30.53, -77.06
 30.51, -77.06
 30.41, -77.07
 30.29, -77.09
 30.17, -77.12
 30.06, -77.16
 29.94, -77.2
 29.94, -77.21
 29.83, -77.26
 29.72, -77.33
 29.63, -77.43
 29.62, -77.44
 29.52, -77.59
 29.52, -77.6
 29.43, -77.76
 29.43, -77.76
 29.37, -77.92
 29.35, -77.99
 29.33, -78.07
 29.3, -78.22
 29.28, -78.27
 29.25, -78.37
 29.2, -78.5
 29.19, -78.52
 29.11, -78.68
 29.11, -78.68
 29.02, -78.84
 29.01, -78.85
 28.92, -79.0
 28.91, -79.01
 28.82, -79.14
 28.8, -79.18
 28.73, -79.29
 28.69, -79.34
 28.63, -79.44
 28.6, -79.5
 28.54, -79.61
 28.51, -79.66
 28.44, -79.76
 28.4, -79.83
 28.34, -79.89
 28.24, -80.0
 28.24, -80.0
 28.14, -80.11
 28.07, -80.17
 28.03, -80.22
 27.96, -80.34
 27.94, -80.39
 27.91, -80.48
 27.91, -80.62
 27.92, -80.76
 27.92, -80.9
 27.92, -81.02
 27.92, -81.04
 27.9, -81.18
 27.9, -81.31
 27.92, -81.45
 27.97, -81.58
 28.01, -81.71
 28.04, -81.78
 28.06, -81.83
 28.1, -81.96
 28.14, -82.09
 28.18, -82.23
 28.19, -82.36
 28.18, -82.5
 28.16, -82.59
 28.13, -82.65
 28.06, -82.76
 28.0, -82.81
 27.95, -82.84
 27.83, -82.86
 27.78, -82.85
 27.71, -82.83
 27.59, -82.83
 27.5, -82.9
 27.52, -83.03
 27.53, -83.17
 27.52, -83.2
 27.45, -83.32
 27.41, -83.34
 27.31, -83.42
 27.26, -83.49
 27.2, -83.57
 27.18, -83.64
 27.14, -83.78
 27.12, -83.88
 27.12, -83.92
 27.1, -84.06
 27.08, -84.2
 27.07, -84.33
 27.06, -84.34
 27.05, -84.47
 27.05, -84.61
 27.06, -84.74
 27.07, -84.88
 27.09, -85.01
 27.1, -85.14
 27.11, -85.28
 27.1, -85.41
 27.1, -85.55
 27.09, -85.57
 27.09, -85.69
 27.07, -85.82
 27.04, -85.96
 27.03, -86.03
 27.01, -86.1
 26.99, -86.24
 26.99, -86.38
 27.02, -86.51
 27.06, -86.64
 27.1, -86.74
 27.11, -86.77
 27.16, -86.89
 27.2, -87.02
 27.25, -87.15
 27.27, -87.2
 27.33, -87.28
 27.41, -87.39
 27.44, -87.4
 27.54, -87.46
 27.66, -87.46
 27.77, -87.41
 27.85, -87.49
 27.84, -87.62
 27.8, -87.71
 27.77, -87.77
 27.71, -87.91
 27.72, -88.05
 27.8, -88.17
 27.85, -88.23
 27.89, -88.3
 27.95, -88.43
 27.99, -88.56
 28.0, -88.69
 27.99, -88.83
 27.94, -88.97
 27.92, -89.02
 27.84, -89.12
 27.81, -89.17
 27.69, -89.24
 27.57, -89.25
 27.45, -89.22
 27.36, -89.17
 27.33, -89.16
 27.2, -89.11
 27.08, -89.07
 27.05, -89.07
 26.96, -89.05
 26.83, -89.02
 26.75, -88.96
 26.71, -88.94
 26.6, -88.84
 26.58, -88.83
 26.47, -88.72
 26.45, -88.71
 26.34, -88.61
 26.32, -88.58
 26.23, -88.48
 26.18, -88.4
 26.15, -88.36
 26.09, -88.23
 26.04, -88.12
 26.03, -88.11
 25.96, -87.98
 25.9, -87.85
 25.89, -87.81
 25.85, -87.73
 25.81, -87.6
 25.78, -87.47
 25.76, -87.34
 25.74, -87.21
 25.71, -87.08
 25.69, -87.05
 25.62, -86.96
 25.56, -86.93
 25.44, -86.89
 25.36, -86.86
 25.31, -86.85
 25.19, -86.8
 25.08, -86.76
 25.07, -86.76
 24.94, -86.7
 24.83, -86.66
 24.82, -86.65
 24.69, -86.62
End:

Color: 221 86 78 255
Line: 2, 0, "50.0"
 31.97, -84.22
 31.99, -84.07
 32.01, -84.03
 32.11, -83.91
 32.12, -83.9
 32.23, -83.79
 32.29, -83.73
 32.34, -83.69
 32.45, -83.61
 32.57, -83.57
 32.69, -83.6
 32.75, -83.65
 32.81, -83.78
 32.82, -83.92
 32.79, -84.08
 32.76, -84.14
 32.71, -84.24
 32.66, -84.32
 32.55, -84.41
 32.55, -84.41
 32.43, -84.44
 32.39, -84.44
 32.3, -84.42
 32.18, -84.38
 32.06, -84.35
 32.05, -84.34
 31.97, -84.22
End:

Color: 221 86 78 255
Line: 2, 0, "50.0"
 33.54, -82.91
 33.48, -82.78
 33.45, -82.64
 33.42, -82.49
 33.41, -82.35
 33.45, -82.19
 33.48, -82.15
 33.59, -82.07
 33.7, -81.99
 33.7, -81.99
 33.81, -81.88
 33.85, -81.82
 33.9, -81.66
 33.9, -81.65
 33.92, -81.5
 33.96, -81.35
 33.98, -81.32
 34.06, -81.18
 34.08, -81.16
 34.18, -81.05
 34.25, -80.99
 34.29, -80.94
 34.4, -80.82
 34.41, -80.8
 34.49, -80.66
 34.51, -80.63
 34.59, -80.48
 34.61, -80.46
 34.69, -80.35
 34.77, -80.27
 34.8, -80.24
 34.91, -80.16
 35.03, -80.12
 35.15, -80.12
 35.23, -80.16
 35.3, -80.24
 35.32, -80.29
 35.36, -80.43
 35.38, -80.58
 35.38, -80.73
 35.38, -80.79
 35.37, -80.89
 35.34, -81.05
 35.31, -81.13
 35.27, -81.21
 35.21, -81.33
 35.18, -81.38
 35.12, -81.52
 35.1, -81.55
 35.02, -81.71
 35.01, -81.72
 34.92, -81.87
 34.9, -81.9
 34.81, -81.98
 34.7, -82.05
 34.58, -82.11
 34.58, -82.11
 34.47, -82.18
 34.36, -82.28
 34.34, -82.31
 34.25, -82.4
 34.19, -82.49
 34.15, -82.54
 34.04, -82.67
 34.04, -82.67
 33.93, -82.78
 33.86, -82.85
 33.83, -82.88
 33.71, -82.95
 33.59, -82.95
 33.54, -82.91
End:

Color: 221 86 78 255
Line: 2, 0, "50.0"
 36.57, -79.84
 36.54, -79.7
 36.53, -79.55
 36.52, -79.39
 36.52, -79.35
 36.51, -79.24
 36.49, -79.09
 36.45, -78.95
 36.45, -78.94
 36.41, -78.8
 36.36, -78.66
 36.3, -78.52
 36.24, -78.38
 36.22, -78.23
 36.31, -78.07
 36.32, -78.05
 36.41, -77.98
 36.53, -77.91
 36.64, -77.84
 36.68, -77.8
 36.74, -77.72
 36.78, -77.62
 36.76, -77.47
 36.71, -77.33
 36.65, -77.19
 36.64, -77.13
 36.61, -77.04
 36.6, -76.93
 36.6, -76.89
 36.64, -76.73
 36.67, -76.65
 36.74, -76.54
 36.77, -76.49
 36.88, -76.41
 37.0, -76.4
 37.09, -76.44
 37.14, -76.45
 37.28, -76.52
 37.29, -76.54
 37.42, -76.63
 37.44, -76.65
 37.55, -76.78
 37.58, -76.82
 37.63, -76.91
 37.68, -77.05
 37.71, -77.2
 37.72, -77.36
 37.73, -77.51
 37.76, -77.66
 37.83, -77.8
 37.89, -77.89
 37.93, -77.93
 38.05, -78.05
 38.06, -78.06
 38.18, -78.13
 38.26, -78.16
 38.32, -78.18
 38.45, -78.21
 38.57, -78.18
 38.67, -78.06
 38.68, -78.04
 38.77, -77.93
 38.89, -77.87
 39.01, -77.88
 39.14, -77.9
 39.26, -77.86
 39.33, -77.7
 39.29, -77.55
 39.24, -77.41
 39.21, -77.25
 39.21, -77.09
 39.23, -76.98
 39.25, -76.92
 39.31, -76.74
 39.32, -76.73
 39.43, -76.65
 39.52, -76.68
 39.56, -76.69
 39.66, -76.8
 39.71, -76.88
 39.76, -76.93
 39.85, -77.07
 39.88, -77.1
 39.99, -77.19
 40.02, -77.2
 40.16, -77.26
 40.21, -77.29
 40.29, -77.32
 40.42, -77.39
 40.43, -77.4
 40.56, -77.45
 40.68, -77.48
 40.69, -77.48
 40.82, -77.5
 40.95, -77.52
 41.03, -77.54
 41.08, -77.56
 41.21, -77.6
 41.3, -77.63
 41.34, -77.64
 41.47, -77.65
 41.59, -77.65
 41.72, -77.65
 41.76, -77.66
 41.84, -77.67
 41.98, -77.71
 42.06, -77.74
 42.11, -77.75
 42.23, -77.77
 42.36, -77.79
 42.41, -77.8
 42.49, -77.83
 42.62, -77.91
 42.63, -77.92
 42.76, -78.04
 42.78, -78.06
 42.92, -78.16
 42.92, -78.16
 43.05, -78.22
 43.16, -78.26
 43.18, -78.28
 43.29, -78.39
 43.35, -78.52
 43.35, -78.55
 43.35, -78.58
 43.35, -78.72
 43.28, -78.9
 43.28, -78.91
 43.17, -79.01
 43.05, -79.05
 42.93, -79.07
 42.81, -79.11
 42.7, -79.2
 42.65, -79.25
 42.6, -79.31
 42.49, -79.41
 42.37, -79.49
 42.35, -79.5
 42.26, -79.56
 42.15, -79.65
 42.06, -79.74
 42.04, -79.77
 41.94, -79.92
 41.93, -79.94
 41.89, -80.12
 41.87, -80.26
 41.86, -80.3
 41.78, -80.48
 41.77, -80.49
 41.66, -80.55
 41.54, -80.54
 41.53, -80.54
 41.41, -80.51
 41.28, -80.49
 41.19, -80.46
 41.15, -80.46
 41.02, -80.41
 40.91, -80.37
 40.89, -80.36
 40.76, -80.33
 40.63, -80.31
 40.51, -80.31
 40.41, -80.33
 40.39, -80.33
 40.39, -80.34
 40.28, -80.39
 40.16, -80.48
 40.07, -80.58
 40.06, -80.59
 39.95, -80.69
 39.83, -80.78
 39.78, -80.81
 39.72, -80.84
 39.6, -80.88
 39.48, -80.91
 39.36, -80.93
 39.24, -80.95
 39.12, -80.98
 39.0, -81.03
 38.89, -81.08
 38.77, -81.15
 38.66, -81.21
 38.53, -81.17
 38.5, -81.11
 38.51, -81.06
 38.54, -80.94
 38.59, -80.77
 38.59, -80.77
 38.64, -80.6
 38.68, -80.48
 38.69, -80.43
 38.72, -80.26
 38.75, -80.11
 38.75, -80.1
 38.76, -79.93
 38.76, -79.78
 38.75, -79.62
 38.71, -79.47
 38.65, -79.33
 38.62, -79.26
 38.57, -79.19
 38.47, -79.09
 38.41, -79.07
 38.33, -79.05
 38.21, -79.07
 38.11, -79.15
 38.1, -79.15
 38.01, -79.33
 38.01, -79.34
 37.94, -79.51
 37.92, -79.55
 37.81, -79.69
 37.8, -79.7
 37.7, -79.78
 37.59, -79.85
 37.48, -79.93
 37.47, -79.94
 37.37, -80.0
 37.25, -80.07
 37.13, -80.11
 37.02, -80.14
 36.89, -80.15
 36.77, -80.13
 36.73, -80.11
 36.62, -79.99
 36.62, -79.98
 36.57, -79.84
End:

Color: 221 86 78 255
Line: 2, 0, "50.0"
 41.74, -84.29
 41.63, -84.15
 41.6, -83.99
 41.63, -83.82
 41.69, -83.75
 41.81, -83.74
 41.85, -83.78
 41.93, -83.92
 41.94, -84.09
 41.87, -84.27
 41.87, -84.27
 41.75, -84.29
 41.74, -84.29
End:

Color: 221 86 78 255
Line: 2, 0, "50.0"
 42.84, -82.06
 42.72, -81.92
 42.75, -81.75
 42.8, -81.69
 42.91, -81.57
 42.95, -81.53
 43.02, -81.48
 43.13, -81.41
 43.25, -81.37
 43.37, -81.43
 43.33, -81.61
 43.29, -81.67
 43.24, -81.8
 43.19, -81.88
 43.12, -82.0
 43.09, -82.04
 42.97, -82.11
 42.85, -82.07
 42.84, -82.06
End:

Color: 221 86 78 255
Line: 3, 0, "75.0"
 39.41, -68.36
 39.41, -68.53
 39.38, -68.71
 39.37, -68.72
 39.32, -68.9
 39.3, -68.95
 39.26, -69.09
 39.23, -69.17
 39.2, -69.28
 39.16, -69.4
 39.13, -69.47
 39.09, -69.62
 39.07, -69.66
 39.01, -69.83
 39.0, -69.85
 38.93, -70.02
 38.91, -70.05
 38.85, -70.22
 38.83, -70.24
 38.78, -70.43
 38.78, -70.46
 38.75, -70.6
 38.73, -70.77
 38.73, -70.79
 38.7, -70.95
 38.68, -71.12
 38.67, -71.12
 38.63, -71.3
 38.61, -71.38
 38.58, -71.48
 38.54, -71.64
 38.54, -71.66
 38.51, -71.83
 38.48, -71.94
 38.46, -72.01
 38.4, -72.14
 38.29, -72.23
 38.17, -72.26
 38.05, -72.28
 37.93, -72.31
 37.81, -72.34
 37.69, -72.37
 37.57, -72.41
 37.46, -72.47
 37.35, -72.53
 37.24, -72.61
 37.24, -72.61
 37.13, -72.71
 37.04, -72.83
 37.04, -72.84
 36.98, -73.01
 36.97, -73.11
 36.96, -73.18
 36.93, -73.34
 36.91, -73.43
 36.87, -73.52
 36.82, -73.59
 36.71, -73.68
 36.6, -73.72
 36.47, -73.74
 36.35, -73.75
 36.22, -73.74
 36.21, -73.74
 36.1, -73.74
 35.97, -73.76
 35.85, -73.78
 35.73, -73.81
 35.61, -73.83
 35.49, -73.84
 35.43, -73.84
 35.36, -73.84
 35.23, -73.81
 35.1, -73.79
 35.1, -73.79
 34.97, -73.78
 34.85, -73.79
 34.73, -73.83
 34.62, -73.9
 34.57, -73.96
 34.52, -74.01
 34.42, -74.13
 34.38, -74.17
 34.32, -74.24
 34.21, -74.33
 34.11, -74.41
 34.1, -74.41
 33.99, -74.48
 33.88, -74.54
 33.77, -74.6
 33.65, -74.64
 33.53, -74.68
 33.42, -74.72
 33.3, -74.75
 33.18, -74.78
 33.06, -74.81
 32.94, -74.85
 32.83, -74.9
 32.72, -74.97
 32.71, -74.98
 32.62, -75.07
 32.51, -75.16
 32.44, -75.21
 32.4, -75.24
 32.29, -75.31
 32.18, -75.38
 32.08, -75.46
 32.07, -75.47
 31.97, -75.57
 31.9, -75.66
 31.87, -75.69
 31.78, -75.83
 31.77, -75.84
 31.68, -75.98
 31.65, -76.02
 31.59, -76.12
 31.51, -76.21
 31.49, -76.24
 31.38, -76.35
 31.32, -76.41
 31.28, -76.45
 31.18, -76.57
 31.16, -76.59
 31.08, -76.7
 31.0, -76.78
 30.98, -76.81
 30.87, -76.88
 30.75, -76.92
 30.63, -76.94
 30.51, -76.96
 30.39, -76.97
 30.27, -76.99
 30.15, -77.03
 30.04, -77.07
 29.92, -77.11
 29.81, -77.16
 29.7, -77.21
 29.6, -77.29
 29.59, -77.3
 29.49, -77.43
 29.46, -77.47
 29.4, -77.58
 29.36, -77.64
 29.31, -77.76
 29.29, -77.8
 29.24, -77.95
 29.23, -78.0
 29.2, -78.1
 29.15, -78.25
 29.15, -78.25
 29.1, -78.41
 29.07, -78.48
 29.05, -78.56
 28.99, -78.69
 28.98, -78.72
 28.9, -78.86
 28.89, -78.88
 28.8, -79.02
 28.79, -79.04
 28.71, -79.16
 28.67, -79.21
 28.61, -79.31
 28.58, -79.37
 28.52, -79.48
 28.49, -79.53
 28.42, -79.64
 28.39, -79.69
 28.32, -79.78
 28.25, -79.86
 28.22, -79.89
 28.11, -79.98
 28.04, -80.04
 28.01, -80.07
 27.9, -80.17
 27.84, -80.22
 27.8, -80.29
 27.74, -80.38
 27.73, -80.52
 27.74, -80.66
 27.76, -80.79
 27.77, -80.83
 27.77, -80.93
 27.75, -81.07
 27.72, -81.21
 27.72, -81.26
 27.7, -81.35
 27.73, -81.49
 27.76, -81.55
 27.79, -81.61
 27.85, -81.74
 27.9, -81.86
 27.94, -81.99
 27.96, -82.13
 27.95, -82.27
 27.89, -82.42
 27.89, -82.42
 27.77, -82.46
 27.73, -82.45
 27.65, -82.43
 27.52, -82.36
 27.5, -82.35
 27.38, -82.28
 27.28, -82.26
 27.26, -82.25
 27.19, -82.27
 27.14, -82.29
 27.03, -82.35
 26.92, -82.41
 26.81, -82.47
 26.73, -82.5
 26.69, -82.51
 26.58, -82.58
 26.52, -82.67
 26.51, -82.81
 26.54, -82.94
 26.62, -83.06
 26.65, -83.09
 26.77, -83.16
 26.79, -83.17
 26.91, -83.22
 26.99, -83.26
 27.05, -83.39
 27.04, -83.52
 27.03, -83.66
 27.01, -83.8
 27.0, -83.86
 26.99, -83.94
 26.97, -84.08
 26.95, -84.22
 26.94, -84.31
 26.93, -84.36
 26.93, -84.49
 26.93, -84.63
 26.95, -84.76
 26.97, -84.89
 26.99, -85.02
 27.0, -85.16
 27.0, -85.29
 27.0, -85.43
 26.99, -85.56
 26.98, -85.66
 26.98, -85.7
 26.96, -85.84
 26.93, -85.98
 26.91, -86.06
 26.89, -86.12
 26.87, -86.26
 26.87, -86.39
 26.89, -86.52
 26.94, -86.65
 26.98, -86.75
 26.99, -86.78
 27.04, -86.91
 27.08, -87.04
 27.13, -87.17
 27.15, -87.23
 27.19, -87.3
 27.25, -87.42
 27.3, -87.51
 27.33, -87.55
 27.39, -87.68
 27.43, -87.81
 27.44, -87.94
 27.47, -88.07
 27.48, -88.09
 27.52, -88.2
 27.61, -88.33
 27.62, -88.35
 27.71, -88.45
 27.75, -88.53
 27.78, -88.58
 27.78, -88.72
 27.77, -88.74
 27.66, -88.86
 27.54, -88.87
 27.42, -88.85
 27.3, -88.83
 27.18, -88.81
 27.1, -88.79
 27.06, -88.78
 26.93, -88.75
 26.82, -88.69
 26.81, -88.68
 26.68, -88.59
 26.66, -88.57
 26.55, -88.48
 26.52, -88.45
 26.42, -88.33
 26.41, -88.33
 26.33, -88.21
 26.28, -88.1
 26.26, -88.08
 26.2, -87.95
 26.15, -87.83
 26.12, -87.76
 26.1, -87.7
 26.06, -87.57
 26.04, -87.44
 26.03, -87.31
 26.04, -87.17
 26.05, -87.04
 26.05, -87.04
 26.05, -86.9
 26.03, -86.78
 26.02, -86.77
 25.95, -86.65
 25.89, -86.59
 25.78, -86.54
 25.76, -86.53
 25.64, -86.52
 25.52, -86.52
 25.4, -86.53
 25.28, -86.5
 25.24, -86.48
 25.19, -86.35
 25.24, -86.21
 25.24, -86.21
 25.33, -86.07
 25.34, -86.02
 25.36, -85.93
 25.32, -85.86
 25.3, -85.81
 25.19, -85.72
 25.16, -85.69
 25.06, -85.58
 25.05, -85.56
 25.01, -85.45
 25.0, -85.32
 25.0, -85.19
 25.0, -85.18
 25.02, -85.05
 25.05, -84.92
 25.08, -84.83
 25.1, -84.78
 25.17, -84.64
 25.18, -84.63
 25.28, -84.49
 25.28, -84.49
 25.37, -84.34
 25.38, -84.32
 25.4, -84.2
 25.43, -84.06
 25.45, -83.99
 25.47, -83.92
 25.51, -83.78
 25.54, -83.72
 25.57, -83.64
 25.62, -83.5
 25.62, -83.48
 25.65, -83.36
 25.66, -83.23
 25.64, -83.09
 25.61, -82.97
 25.59, -82.84
 25.6, -82.7
 25.62, -82.64
 25.69, -82.55
 25.73, -82.52
 25.83, -82.42
 25.88, -82.38
 25.94, -82.34
 26.05, -82.24
 26.07, -82.21
 26.12, -82.07
 26.12, -81.94
 26.07, -81.81
 25.99, -81.69
 25.96, -81.66
 25.86, -81.58
 25.82, -81.54
 25.75, -81.47
 25.71, -81.34
 25.7, -81.21
 25.67, -81.08
 25.61, -80.96
 25.6, -80.95
 25.55, -80.84
 25.5, -80.71
 25.48, -80.59
 25.48, -80.45
 25.5, -80.34
 25.51, -80.31
 25.59, -80.16
 25.59, -80.16
 25.69, -80.03
 25.72, -80.0
 25.79, -79.89
 25.82, -79.84
 25.87, -79.7
 25.87, -79.69
 25.9, -79.55
 25.94, -79.41
 25.94, -79.4
 25.99, -79.26
 26.03, -79.19
 26.07, -79.11
 26.12, -79.02
 26.15, -78.96
 26.21, -78.84
 26.22, -78.81
 26.25, -78.66
 26.27, -78.55
 26.28, -78.52
 26.34, -78.37
 26.36, -78.35
 26.47, -78.29
 26.59, -78.3
 26.62, -78.31
 26.72, -78.34
 26.82, -78.39
 26.86, -78.41
 26.99, -78.49
 26.99, -78.5
 27.13, -78.55
 27.25, -78.57
 27.25, -78.57
 27.37, -78.56
 27.49, -78.55
 27.61, -78.53
 27.73, -78.5
 27.85, -78.47
 27.96, -78.43
 28.07, -78.37
 28.07, -78.37
 28.18, -78.3
 28.29, -78.23
 28.36, -78.16
 28.4, -78.14
 28.5, -78.03
 28.54, -77.98
 28.6, -77.91
 28.66, -77.81
 28.69, -77.75
 28.74, -77.65
 28.77, -77.53
 28.78, -77.5
 28.81, -77.35
 28.83, -77.21
 28.83, -77.19
 28.84, -77.06
 28.83, -76.93
 28.8, -76.79
 28.76, -76.66
 28.72, -76.53
 28.69, -76.4
 28.68, -76.26
 28.7, -76.12
 28.72, -76.06
 28.77, -75.96
 28.81, -75.89
 28.87, -75.79
 28.9, -75.74
 28.97, -75.62
 28.99, -75.58
 29.07, -75.45
 29.08, -75.42
 29.18, -75.28
 29.18, -75.28
 29.22, -75.13
 29.13, -75.07
 29.08, -75.02
 28.99, -74.97
 28.93, -74.92
 28.83, -74.83
 28.82, -74.81
 28.75, -74.69
 28.72, -74.56
 28.73, -74.42
 28.74, -74.4
 28.8, -74.25
 28.82, -74.22
 28.92, -74.1
 28.94, -74.07
 29.02, -74.0
 29.12, -73.92
 29.23, -73.86
 29.31, -73.82
 29.34, -73.8
 29.46, -73.76
 29.58, -73.72
 29.69, -73.69
 29.81, -73.66
 29.82, -73.66
 29.93, -73.64
 30.05, -73.61
 30.17, -73.58
 30.28, -73.54
 30.4, -73.5
 30.51, -73.47
 30.63, -73.45
 30.76, -73.43
 30.88, -73.41
 31.0, -73.38
 31.11, -73.35
 31.23, -73.31
 31.34, -73.26
 31.45, -73.2
 31.54, -73.13
 31.56, -73.11
 31.66, -73.01
 31.76, -72.91
 31.77, -72.91
 31.87, -72.81
 31.97, -72.72
 32.04, -72.67
 32.08, -72.64
 32.18, -72.57
 32.29, -72.5
 32.41, -72.44
 32.52, -72.38
 32.61, -72.33
 32.63, -72.32
 32.74, -72.27
 32.85, -72.21
 32.97, -72.15
 33.08, -72.08
 33.19, -72.02
 33.27, -71.96
 33.3, -71.95
 33.41, -71.88
 33.52, -71.82
 33.63, -71.77
 33.75, -71.72
 33.86, -71.67
 33.98, -71.64
 34.11, -71.63
 34.23, -71.63
 34.25, -71.62
 34.35, -71.61
 34.47, -71.58
 34.59, -71.52
 34.64, -71.48
 34.7, -71.45
 34.8, -71.37
 34.91, -71.29
 35.01, -71.2
 35.02, -71.2
 35.12, -71.11
 35.22, -71.02
 35.33, -70.93
 35.34, -70.92
 35.44, -70.85
 35.55, -70.78
 35.66, -70.7
 35.76, -70.62
 35.77, -70.61
 35.87, -70.53
 35.97, -70.44
 36.08, -70.36
 36.15, -70.31
 36.19, -70.29
 36.3, -70.21
 36.41, -70.13
 36.51, -70.06
 36.62, -69.98
 36.66, -69.96
 36.73, -69.91
 36.84, -69.84
 36.96, -69.78
 37.07, -69.72
 37.17, -69.63
 37.2, -69.59
 37.25, -69.43
 37.25, -69.41
 37.24, -69.26
End:

Color: 221 86 78 255
Line: 3, 0, "75.0"
 33.74, -82.43
 33.76, -82.38
 33.83, -82.26
 33.86, -82.24
 33.98, -82.2
 34.01, -82.23
 33.99, -82.31
 33.98, -82.38
 33.89, -82.48
 33.78, -82.51
 33.74, -82.43
End:

Color: 221 86 78 255
Line: 3, 0, "75.0"
 34.17, -81.9
 34.13, -81.76
 34.12, -81.61
 34.13, -81.5
 34.13, -81.46
 34.2, -81.29
 34.22, -81.28
 34.32, -81.17
 34.42, -81.1
 34.44, -81.09
 34.55, -81.03
 34.66, -80.94
 34.7, -80.89
 34.75, -80.74
 34.76, -80.72
 34.83, -80.56
 34.85, -80.54
 34.96, -80.44
 35.08, -80.42
 35.15, -80.48
 35.19, -80.63
 35.18, -80.78
 35.15, -80.9
 35.13, -80.94
 35.06, -81.11
 35.06, -81.12
 34.98, -81.28
 34.96, -81.31
 34.9, -81.45
 34.87, -81.5
 34.8, -81.62
 34.77, -81.66
 34.66, -81.75
 34.54, -81.82
 34.53, -81.82
 34.42, -81.87
 34.31, -81.91
 34.18, -81.91
 34.17, -81.9
End:

Color: 221 86 78 255
Line: 3, 0, "75.0"
 35.2, -72.22
 35.26, -72.24
 35.38, -72.22
 35.47, -72.12
 35.41, -71.99
 35.32, -71.97
 35.21, -72.02
 35.17, -72.07
 35.2, -72.22
End:

Color: 221 86 78 255
Line: 3, 0, "75.0"
 36.65, -78.9
 36.59, -78.76
 36.55, -78.61
 36.54, -78.46
 36.59, -78.29
 36.59, -78.29
 36.7, -78.17
 36.79, -78.08
 36.8, -78.07
 36.92, -78.0
 37.03, -77.95
 37.15, -77.93
 37.26, -77.96
 37.28, -77.96
 37.41, -78.0
 37.52, -78.04
 37.55, -78.05
 37.69, -78.13
 37.7, -78.15
 37.83, -78.27
 37.84, -78.28
 37.94, -78.4
 37.99, -78.48
 38.05, -78.53
 38.06, -78.69
 38.03, -78.72
 37.93, -78.87
 37.93, -78.88
 37.84, -79.05
 37.83, -79.06
 37.75, -79.24
 37.74, -79.25
 37.65, -79.42
 37.64, -79.42
 37.54, -79.55
 37.5, -79.62
 37.44, -79.68
 37.33, -79.79
 37.28, -79.83
 37.22, -79.86
 37.1, -79.9
 36.99, -79.9
 36.98, -79.89
 36.86, -79.77
 36.83, -79.63
 36.83, -79.47
 36.83, -79.32
 36.79, -79.17
 36.72, -79.03
 36.71, -79.02
 36.65, -78.9
End:

Color: 221 86 78 255
Line: 3, 0, "75.0"
 36.89, -77.12
 36.89, -77.12
 36.87, -76.97
 36.94, -76.79
 36.95, -76.79
 37.07, -76.73
 37.12, -76.74
 37.2, -76.76
 37.32, -76.84
 37.34, -76.87
 37.41, -76.97
 37.47, -77.12
 37.47, -77.27
 37.43, -77.39
 37.34, -77.46
 37.32, -77.48
 37.28, -77.48
 37.2, -77.49
 37.06, -77.4
 37.05, -77.39
 36.96, -77.26
 36.89, -77.12
 36.89, -77.12
End:

Color: 221 86 78 255
Line: 3, 0, "75.0"
 38.95, -80.69
 38.88, -80.54
 38.88, -80.38
 38.89, -80.26
 38.9, -80.22
 38.92, -80.06
 38.93, -79.89
 38.93, -79.73
 38.93, -79.68
 38.93, -79.57
 38.9, -79.42
 38.88, -79.38
 38.85, -79.27
 38.8, -79.13
 38.77, -78.98
 38.79, -78.82
 38.8, -78.81
 38.9, -78.68
 38.95, -78.61
 38.99, -78.51
 39.03, -78.43
 39.09, -78.34
 39.21, -78.31
 39.32, -78.35
 39.36, -78.49
 39.37, -78.5
 39.37, -78.51
 39.37, -78.66
 39.4, -78.73
 39.43, -78.8
 39.53, -78.94
 39.57, -78.98
 39.63, -79.07
 39.72, -79.18
 39.74, -79.2
 39.86, -79.29
 39.92, -79.32
 40.0, -79.35
 40.12, -79.36
 40.24, -79.33
 40.36, -79.28
 40.47, -79.23
 40.59, -79.16
 40.61, -79.14
 40.69, -79.03
 40.73, -78.94
 40.74, -78.78
 40.66, -78.63
 40.63, -78.61
 40.49, -78.55
 40.42, -78.54
 40.37, -78.53
 40.24, -78.53
 40.12, -78.52
 39.99, -78.5
 39.96, -78.5
 39.85, -78.45
 39.78, -78.39
 39.71, -78.24
 39.69, -78.09
 39.68, -77.93
 39.69, -77.76
 39.72, -77.62
 39.74, -77.59
 39.82, -77.51
 39.95, -77.5
 40.01, -77.51
 40.07, -77.52
 40.21, -77.55
 40.3, -77.59
 40.34, -77.6
 40.47, -77.65
 40.56, -77.68
 40.6, -77.69
 40.73, -77.73
 40.86, -77.76
 40.86, -77.76
 41.0, -77.82
 41.09, -77.85
 41.13, -77.88
 41.26, -77.93
 41.36, -77.94
 41.39, -77.95
 41.52, -77.96
 41.65, -77.98
 41.72, -78.0
 41.78, -78.03
 41.91, -78.06
 42.03, -78.07
 42.09, -78.06
 42.16, -78.06
 42.28, -78.06
 42.41, -78.08
 42.48, -78.12
 42.55, -78.17
 42.62, -78.25
 42.7, -78.35
 42.73, -78.38
 42.83, -78.53
 42.83, -78.69
 42.76, -78.76
 42.66, -78.9
 42.64, -78.92
 42.55, -79.01
 42.44, -79.08
 42.32, -79.1
 42.18, -79.05
 42.18, -79.04
 42.05, -78.99
 41.92, -78.95
 41.91, -78.95
 41.79, -78.9
 41.7, -78.84
 41.65, -78.82
 41.53, -78.81
 41.42, -78.9
 41.41, -78.92
 41.41, -79.09
 41.42, -79.25
 41.43, -79.41
 41.42, -79.58
 41.41, -79.7
 41.41, -79.75
 41.41, -79.91
 41.37, -80.09
 41.35, -80.11
 41.23, -80.16
 41.15, -80.14
 41.1, -80.13
 40.97, -80.06
 40.93, -80.04
 40.84, -79.99
 40.71, -79.97
 40.59, -80.0
 40.47, -80.03
 40.35, -80.06
 40.24, -80.12
 40.13, -80.21
 40.09, -80.25
 40.02, -80.31
 39.91, -80.41
 39.82, -80.47
 39.79, -80.5
 39.68, -80.57
 39.57, -80.63
 39.45, -80.66
 39.33, -80.68
 39.2, -80.7
 39.08, -80.7
 38.95, -80.69
 38.95, -80.69
End:

Color: 187 45 29 255
Line: 3, 0, "100.0"
 39.23, -68.44
 39.22, -68.61
 39.22, -68.61
 39.18, -68.79
 39.15, -68.86
 39.11, -68.98
 39.08, -69.08
 39.05, -69.18
 39.0, -69.29
 38.97, -69.37
 38.92, -69.47
 38.86, -69.58
 38.83, -69.63
 38.74, -69.76
 38.7, -69.81
 38.64, -69.89
 38.55, -70.03
 38.54, -70.03
 38.45, -70.17
 38.37, -70.26
 38.35, -70.29
 38.25, -70.37
 38.14, -70.44
 38.05, -70.55
 38.04, -70.56
 37.99, -70.73
 37.97, -70.83
 37.97, -70.9
 37.99, -71.06
 38.03, -71.2
 38.08, -71.34
 38.11, -71.43
 38.13, -71.49
 38.17, -71.63
 38.17, -71.7
 38.18, -71.79
 38.11, -71.96
 38.07, -71.99
 38.0, -72.04
 37.88, -72.08
 37.76, -72.13
 37.65, -72.19
 37.54, -72.25
 37.43, -72.31
 37.31, -72.38
 37.2, -72.44
 37.13, -72.49
 37.09, -72.51
 36.98, -72.58
 36.87, -72.66
 36.77, -72.77
 36.77, -72.77
 36.72, -72.94
 36.71, -73.1
 36.71, -73.1
 36.69, -73.27
 36.65, -73.38
 36.6, -73.45
 36.55, -73.5
 36.43, -73.55
 36.31, -73.57
 36.24, -73.57
 36.19, -73.58
 36.06, -73.59
 35.94, -73.61
 35.82, -73.64
 35.7, -73.67
 35.58, -73.69
 35.46, -73.7
 35.4, -73.69
 35.33, -73.68
 35.2, -73.66
 35.09, -73.64
 35.07, -73.63
 34.94, -73.61
 34.81, -73.62
 34.69, -73.65
 34.58, -73.73
 34.51, -73.83
 34.49, -73.85
 34.39, -73.99
 34.36, -74.03
 34.29, -74.11
 34.19, -74.22
 34.15, -74.24
 34.08, -74.3
 33.97, -74.36
 33.86, -74.42
 33.74, -74.48
 33.63, -74.53
 33.51, -74.57
 33.39, -74.61
 33.27, -74.64
 33.15, -74.66
 33.03, -74.68
 32.91, -74.71
 32.8, -74.75
 32.69, -74.81
 32.58, -74.87
 32.57, -74.88
 32.46, -74.94
 32.35, -75.01
 32.24, -75.08
 32.18, -75.14
 32.14, -75.17
 32.03, -75.27
 31.98, -75.34
 31.93, -75.4
 31.84, -75.53
 31.84, -75.53
 31.74, -75.68
 31.73, -75.71
 31.65, -75.83
 31.62, -75.89
 31.56, -75.98
 31.48, -76.07
 31.46, -76.1
 31.36, -76.21
 31.29, -76.27
 31.25, -76.31
 31.15, -76.42
 31.11, -76.46
 31.05, -76.54
 30.96, -76.65
 30.95, -76.66
 30.84, -76.75
 30.73, -76.81
 30.61, -76.85
 30.49, -76.87
 30.37, -76.89
 30.25, -76.91
 30.14, -76.94
 30.02, -76.98
 29.91, -77.02
 29.79, -77.06
 29.68, -77.1
 29.59, -77.15
 29.56, -77.17
 29.46, -77.26
 29.38, -77.35
 29.36, -77.38
 29.26, -77.5
 29.24, -77.53
 29.17, -77.66
 29.15, -77.69
 29.11, -77.84
 29.09, -77.92
 29.08, -77.99
 29.04, -78.14
 29.02, -78.21
 29.0, -78.29
 28.97, -78.44
 28.95, -78.49
 28.93, -78.59
 28.87, -78.73
 28.87, -78.74
 28.78, -78.9
 28.78, -78.9
 28.69, -79.05
 28.67, -79.07
 28.59, -79.19
 28.56, -79.23
 28.49, -79.35
 28.48, -79.39
 28.4, -79.53
 28.39, -79.55
 28.31, -79.68
 28.27, -79.71
 28.2, -79.79
 28.1, -79.88
 28.05, -79.9
 27.99, -79.94
 27.87, -80.0
 27.76, -80.04
 27.64, -80.07
 27.52, -80.09
 27.4, -80.11
 27.29, -80.16
 27.18, -80.21
 27.06, -80.25
 26.94, -80.27
 26.82, -80.27
 26.7, -80.24
 26.61, -80.21
 26.57, -80.2
 26.51, -80.24
 26.46, -80.27
 26.43, -80.39
 26.41, -80.53
 26.41, -80.66
 26.41, -80.72
 26.42, -80.8
 26.43, -80.84
 26.46, -80.92
 26.58, -81.01
 26.62, -81.03
 26.71, -81.06
 26.82, -81.12
 26.85, -81.15
 26.91, -81.24
 26.93, -81.37
 26.93, -81.51
 26.92, -81.63
 26.92, -81.65
 26.86, -81.79
 26.83, -81.84
 26.72, -81.91
 26.59, -81.85
 26.59, -81.85
 26.51, -81.73
 26.44, -81.65
 26.41, -81.61
 26.3, -81.5
 26.29, -81.5
 26.16, -81.4
 26.15, -81.39
 26.03, -81.28
 26.02, -81.26
 25.96, -81.16
 25.91, -81.03
 25.84, -80.92
 25.84, -80.91
 25.77, -80.79
 25.71, -80.67
 25.69, -80.54
 25.72, -80.4
 25.74, -80.35
 25.79, -80.25
 25.84, -80.19
 25.9, -80.09
 25.94, -80.05
 26.02, -79.93
 26.03, -79.91
 26.11, -79.78
 26.12, -79.74
 26.17, -79.63
 26.19, -79.49
 26.2, -79.46
 26.23, -79.35
 26.28, -79.23
 26.29, -79.2
 26.36, -79.05
 26.36, -79.04
 26.41, -78.9
 26.44, -78.79
 26.45, -78.75
 26.52, -78.6
 26.53, -78.6
 26.64, -78.56
 26.66, -78.57
 26.77, -78.6
 26.88, -78.66
 26.9, -78.67
 27.03, -78.71
 27.16, -78.72
 27.22, -78.71
 27.28, -78.71
 27.4, -78.69
 27.52, -78.68
 27.64, -78.66
 27.76, -78.64
 27.87, -78.62
 27.99, -78.59
 28.1, -78.53
 28.17, -78.49
 28.21, -78.46
 28.32, -78.38
 28.41, -78.29
 28.42, -78.28
 28.53, -78.19
 28.62, -78.1
 28.63, -78.09
 28.74, -77.98
 28.8, -77.92
 28.84, -77.87
 28.92, -77.75
 28.93, -77.72
 29.0, -77.59
 29.01, -77.5
 29.03, -77.44
 29.05, -77.29
 29.06, -77.15
 29.05, -77.09
 29.05, -77.01
 29.03, -76.87
 28.99, -76.74
 28.98, -76.71
 28.94, -76.62
 28.9, -76.49
 28.87, -76.35
 28.88, -76.22
 28.88, -76.21
 28.94, -76.05
 28.96, -76.02
 29.05, -75.88
 29.05, -75.87
 29.15, -75.75
 29.21, -75.69
 29.26, -75.65
 29.36, -75.57
 29.47, -75.48
 29.47, -75.48
 29.57, -75.38
 29.63, -75.29
 29.66, -75.24
 29.71, -75.13
 29.73, -74.98
 29.73, -74.98
 29.73, -74.96
 29.69, -74.85
 29.56, -74.74
 29.56, -74.74
 29.42, -74.71
 29.29, -74.68
 29.29, -74.68
 29.16, -74.62
 29.12, -74.59
 29.05, -74.46
 29.07, -74.32
 29.08, -74.29
 29.18, -74.15
 29.19, -74.14
 29.28, -74.07
 29.39, -74.0
 29.5, -73.95
 29.62, -73.91
 29.74, -73.89
 29.86, -73.88
 29.98, -73.87
 30.1, -73.85
 30.22, -73.83
 30.26, -73.82
 30.34, -73.8
 30.46, -73.77
 30.58, -73.77
 30.71, -73.78
 30.83, -73.79
 30.84, -73.79
 30.96, -73.77
 31.08, -73.74
 31.19, -73.69
 31.3, -73.64
 31.3, -73.64
 31.42, -73.58
 31.53, -73.52
 31.63, -73.44
 31.71, -73.37
 31.74, -73.34
 31.84, -73.23
 31.9, -73.16
 31.94, -73.12
 32.04, -73.0
 32.08, -72.95
 32.14, -72.9
 32.24, -72.81
 32.35, -72.73
 32.4, -72.7
 32.46, -72.67
 32.57, -72.61
 32.68, -72.55
 32.8, -72.5
 32.91, -72.45
 33.02, -72.39
 33.14, -72.34
 33.25, -72.27
 33.26, -72.27
 33.36, -72.21
 33.47, -72.14
 33.58, -72.07
 33.69, -72.01
 33.8, -71.95
 33.92, -71.91
 34.04, -71.89
 34.17, -71.9
 34.3, -71.9
 34.34, -71.9
 34.42, -71.89
 34.54, -71.87
 34.66, -71.84
 34.78, -71.82
 34.87, -71.87
 34.84, -72.03
 34.84, -72.08
 34.85, -72.18
 34.89, -72.32
 34.9, -72.34
 34.99, -72.44
 35.06, -72.46
 35.19, -72.48
 35.31, -72.48
 35.35, -72.47
 35.44, -72.46
 35.55, -72.41
 35.57, -72.4
 35.66, -72.33
 35.75, -72.2
 35.77, -72.17
 35.76, -72.02
 35.69, -71.91
 35.68, -71.89
 35.56, -71.78
 35.53, -71.76
 35.39, -71.71
 35.32, -71.71
 35.26, -71.7
 35.13, -71.7
 35.01, -71.72
 34.9, -71.7
 34.99, -71.62
 35.05, -71.49
 35.08, -71.47
 35.18, -71.36
 35.27, -71.26
 35.28, -71.25
 35.39, -71.16
 35.49, -71.07
 35.6, -71.0
 35.64, -70.97
 35.71, -70.93
 35.82, -70.85
 35.93, -70.77
 36.03, -70.69
 36.1, -70.65
 36.14, -70.61
 36.25, -70.54
 36.36, -70.47
 36.47, -70.4
 36.58, -70.34
 36.7, -70.27
 36.81, -70.23
 36.93, -70.21
 37.06, -70.22
 37.15, -70.25
 37.2, -70.28
 37.34, -70.34
 37.35, -70.35
 37.49, -70.4
 37.6, -70.4
 37.62, -70.4
 37.64, -70.38
 37.73, -70.33
 37.82, -70.2
 37.84, -70.14
 37.86, -69.98
 37.82, -69.83
 37.75, -69.69
 37.68, -69.56
 37.66, -69.52
 37.61, -69.43
 37.56, -69.29
 37.51, -69.15
End:

Color: 187 45 29 255
Line: 3, 0, "100.0"
 25.47, -85.25
 25.43, -85.13
 25.43, -84.99
 25.45, -84.9
 25.46, -84.86
 25.52, -84.71
 25.54, -84.67
 25.58, -84.57
 25.62, -84.43
 25.63, -84.41
 25.64, -84.3
 25.65, -84.16
 25.66, -84.03
 25.69, -83.93
 25.7, -83.89
 25.76, -83.74
 25.77, -83.7
 25.85, -83.59
 25.87, -83.55
 25.98, -83.44
 25.98, -83.44
 26.09, -83.36
 26.21, -83.34
 26.33, -83.36
 26.35, -83.37
 26.46, -83.41
 26.58, -83.45
 26.61, -83.46
 26.71, -83.5
 26.79, -83.57
 26.85, -83.69
 26.85, -83.83
 26.84, -83.97
 26.82, -84.1
 26.81, -84.22
 26.81, -84.24
 26.8, -84.38
 26.81, -84.51
 26.83, -84.64
 26.85, -84.77
 26.88, -84.91
 26.9, -85.04
 26.91, -85.17
 26.91, -85.31
 26.91, -85.44
 26.9, -85.58
 26.89, -85.72
 26.88, -85.77
 26.86, -85.85
 26.82, -85.99
 26.79, -86.09
 26.77, -86.14
 26.74, -86.28
 26.72, -86.41
 26.73, -86.55
 26.77, -86.68
 26.85, -86.8
 26.87, -86.82
 26.92, -86.93
 26.97, -87.05
 27.02, -87.18
 27.03, -87.19
 27.08, -87.31
 27.14, -87.44
 27.18, -87.53
 27.2, -87.57
 27.25, -87.69
 27.28, -87.83
 27.3, -87.96
 27.31, -88.09
 27.34, -88.23
 27.36, -88.36
 27.34, -88.5
 27.27, -88.54
 27.16, -88.57
 27.04, -88.56
 26.97, -88.54
 26.91, -88.52
 26.79, -88.44
 26.76, -88.42
 26.66, -88.33
 26.63, -88.31
 26.52, -88.18
 26.52, -88.18
 26.44, -88.06
 26.38, -87.93
 26.38, -87.92
 26.33, -87.8
 26.28, -87.68
 26.25, -87.55
 26.24, -87.41
 26.26, -87.28
 26.3, -87.16
 26.32, -87.14
 26.41, -87.0
 26.42, -86.99
 26.48, -86.85
 26.47, -86.71
 26.37, -86.59
 26.37, -86.59
 26.28, -86.47
 26.23, -86.35
 26.2, -86.22
 26.2, -86.21
 26.2, -86.21
 26.2, -86.08
 26.18, -85.95
 26.17, -85.93
 26.12, -85.83
 26.03, -85.75
 25.97, -85.71
 25.9, -85.69
 25.78, -85.61
 25.77, -85.6
 25.65, -85.49
 25.64, -85.48
 25.54, -85.37
 25.5, -85.29
 25.47, -85.25
End:

Color: 187 45 29 255
Line: 3, 0, "100.0"
 36.88, -78.68
 36.83, -78.54
 36.87, -78.43
 36.92, -78.36
 36.97, -78.32
 37.09, -78.29
 37.18, -78.29
 37.22, -78.3
 37.35, -78.34
 37.43, -78.38
 37.49, -78.44
 37.55, -78.51
 37.61, -78.65
 37.61, -78.8
 37.57, -78.95
 37.56, -78.97
 37.48, -79.14
 37.46, -79.16
 37.38, -79.27
 37.27, -79.36
 37.27, -79.37
 37.26, -79.36
 37.19, -79.23
 37.15, -79.08
 37.09, -78.94
 37.07, -78.91
 36.99, -78.81
 36.91, -78.72
 36.88, -78.68
End:

Color: 187 45 29 255
Line: 3, 0, "100.0"
 36.12, -72.21
 36.14, -72.23
 36.23, -72.33
 36.3, -72.39
 36.43, -72.39
 36.49, -72.24
 36.51, -72.18
 36.53, -72.06
 36.52, -71.91
 36.43, -71.82
 36.34, -71.82
 36.3, -71.82
 36.27, -71.84
 36.19, -71.91
 36.1, -72.05
 36.09, -72.06
 36.12, -72.21
End:

Color: 187 45 29 255
Line: 3, 0, "100.0"
 39.13, -80.16
 39.13, -80.16
 39.12, -80.01
 39.12, -79.84
 39.14, -79.68
 39.16, -79.54
 39.17, -79.51
 39.25, -79.34
 39.38, -79.38
 39.48, -79.43
 39.51, -79.45
 39.65, -79.51
 39.7, -79.54
 39.78, -79.59
 39.89, -79.65
 39.92, -79.68
 40.03, -79.78
 40.01, -79.94
 39.97, -80.0
 39.86, -80.11
 39.8, -80.16
 39.75, -80.19
 39.64, -80.26
 39.52, -80.32
 39.4, -80.36
 39.28, -80.35
 39.19, -80.31
 39.13, -80.17
 39.13, -80.16
End:

Color: 187 45 29 255
Line: 3, 0, "125.0"
 38.95, -68.56
 38.95, -68.56
 38.93, -68.73
 38.9, -68.87
 38.89, -68.91
 38.82, -69.08
 38.81, -69.11
 38.73, -69.23
 38.64, -69.34
 38.63, -69.34
 38.52, -69.41
 38.4, -69.44
 38.39, -69.44
 38.27, -69.43
 38.14, -69.38
 38.13, -69.38
 37.99, -69.31
 37.96, -69.29
 37.83, -69.19
 37.82, -69.18
 37.75, -69.05
End:

Color: 187 45 29 255
Line: 3, 0, "125.0"
 25.8, -85.2
 25.76, -85.08
 25.75, -84.94
 25.77, -84.81
 25.79, -84.73
 25.8, -84.67
 25.83, -84.53
 25.84, -84.4
 25.84, -84.26
 25.85, -84.23
 25.85, -84.13
 25.87, -83.99
 25.92, -83.87
 25.93, -83.85
 26.02, -83.75
 26.13, -83.69
 26.25, -83.69
 26.38, -83.72
 26.46, -83.76
 26.51, -83.81
 26.57, -83.88
 26.61, -84.0
 26.62, -84.14
 26.63, -84.27
 26.64, -84.4
 26.67, -84.53
 26.71, -84.66
 26.75, -84.79
 26.77, -84.84
 26.78, -84.92
 26.81, -85.05
 26.82, -85.18
 26.83, -85.32
 26.83, -85.34
 26.81, -85.46
 26.8, -85.59
 26.78, -85.73
 26.76, -85.81
 26.73, -85.87
 26.67, -86.02
 26.67, -86.04
 26.56, -86.17
 26.45, -86.05
 26.41, -85.94
 26.41, -85.92
 26.37, -85.79
 26.32, -85.66
 26.25, -85.56
 26.22, -85.54
 26.12, -85.48
 26.02, -85.44
 25.99, -85.42
 25.87, -85.33
 25.86, -85.31
 25.8, -85.2
End:

Color: 187 45 29 255
Line: 3, 0, "125.0"
 26.45, -87.66
 26.43, -87.52
 26.44, -87.39
 26.45, -87.37
 26.5, -87.25
 26.55, -87.19
 26.64, -87.1
 26.66, -87.08
 26.77, -87.05
 26.79, -87.08
 26.9, -87.2
 26.91, -87.21
 26.97, -87.32
 27.03, -87.45
 27.06, -87.52
 27.09, -87.58
 27.13, -87.71
 27.15, -87.84
 27.16, -87.98
 27.15, -88.11
 27.13, -88.22
 27.1, -88.25
 27.01, -88.31
 26.89, -88.28
 26.88, -88.28
 26.76, -88.2
 26.72, -88.16
 26.63, -88.06
 26.62, -88.04
 26.55, -87.91
 26.49, -87.78
 26.48, -87.76
 26.45, -87.66
End:

Color: 187 45 29 255
Line: 3, 0, "125.0"
 26.83, -79.62
 26.78, -79.5
 26.73, -79.37
 26.7, -79.24
 26.72, -79.1
 26.74, -79.08
 26.84, -78.99
 26.95, -78.94
 27.07, -78.91
 27.19, -78.87
 27.3, -78.85
 27.42, -78.83
 27.54, -78.81
 27.66, -78.8
 27.78, -78.8
 27.9, -78.78
 28.02, -78.76
 28.14, -78.72
 28.24, -78.64
 28.28, -78.6
 28.35, -78.54
 28.45, -78.44
 28.48, -78.41
 28.56, -78.35
 28.67, -78.28
 28.79, -78.29
 28.82, -78.33
 28.83, -78.47
 28.83, -78.49
 28.8, -78.62
 28.76, -78.76
 28.75, -78.77
 28.66, -78.93
 28.66, -78.93
 28.57, -79.07
 28.55, -79.1
 28.47, -79.22
 28.45, -79.26
 28.38, -79.41
 28.38, -79.41
 28.29, -79.57
 28.29, -79.57
 28.19, -79.69
 28.11, -79.75
 28.08, -79.78
 27.97, -79.83
 27.85, -79.85
 27.73, -79.86
 27.65, -79.85
 27.6, -79.85
 27.48, -79.83
 27.36, -79.83
 27.24, -79.85
 27.12, -79.89
 27.0, -79.9
 26.94, -79.87
 26.87, -79.75
 26.84, -79.66
 26.83, -79.62
End:

Color: 187 45 29 255
Line: 3, 0, "125.0"
 29.23, -76.82
 29.19, -76.69
 29.14, -76.56
 29.11, -76.43
 29.1, -76.29
 29.13, -76.21
 29.16, -76.13
 29.22, -76.05
 29.3, -75.95
 29.32, -75.94
 29.42, -75.85
 29.53, -75.77
 29.55, -75.74
 29.63, -75.67
 29.73, -75.56
 29.75, -75.55
 29.83, -75.44
 29.89, -75.36
 29.93, -75.31
 30.01, -75.19
 30.02, -75.16
 30.09, -75.02
 30.1, -74.96
 30.14, -74.86
 30.17, -74.72
 30.18, -74.71
 30.22, -74.55
 30.25, -74.49
 30.29, -74.38
 30.33, -74.33
 30.44, -74.25
 30.56, -74.24
 30.69, -74.26
 30.71, -74.26
 30.82, -74.28
 30.95, -74.29
 31.07, -74.28
 31.11, -74.28
 31.2, -74.28
 31.32, -74.27
 31.44, -74.23
 31.5, -74.17
 31.54, -74.13
 31.63, -73.99
 31.64, -73.98
 31.73, -73.87
 31.8, -73.78
 31.83, -73.75
 31.93, -73.65
 31.99, -73.57
 32.03, -73.53
 32.13, -73.41
 32.16, -73.37
 32.23, -73.29
 32.33, -73.18
 32.34, -73.17
 32.43, -73.08
 32.53, -72.98
 32.58, -72.94
 32.64, -72.9
 32.75, -72.84
 32.86, -72.78
 32.98, -72.73
 33.09, -72.68
 33.2, -72.62
 33.32, -72.56
 33.35, -72.54
 33.42, -72.49
 33.53, -72.41
 33.64, -72.33
 33.75, -72.26
 33.78, -72.24
 33.86, -72.2
 33.97, -72.18
 33.98, -72.18
 34.11, -72.19
 34.24, -72.21
 34.3, -72.22
 34.38, -72.24
 34.51, -72.3
 34.52, -72.3
 34.56, -72.43
 34.56, -72.48
 34.54, -72.6
 34.49, -72.74
 34.47, -72.77
 34.43, -72.94
 34.47, -73.08
 34.52, -73.21
 34.49, -73.31
 34.49, -73.37
 34.44, -73.54
 34.42, -73.57
 34.38, -73.72
 34.34, -73.78
 34.3, -73.89
 34.26, -73.96
 34.16, -74.09
 34.16, -74.09
 34.05, -74.18
 33.94, -74.25
 33.83, -74.31
 33.72, -74.37
 33.63, -74.4
 33.6, -74.42
 33.49, -74.46
 33.37, -74.49
 33.26, -74.52
 33.25, -74.52
 33.13, -74.54
 33.01, -74.55
 32.88, -74.57
 32.76, -74.59
 32.65, -74.63
 32.53, -74.68
 32.42, -74.73
 32.3, -74.78
 32.23, -74.83
 32.19, -74.85
 32.09, -74.94
 32.0, -75.04
 31.99, -75.06
 31.89, -75.2
 31.88, -75.23
 31.8, -75.36
 31.78, -75.4
 31.71, -75.53
 31.69, -75.57
 31.62, -75.69
 31.59, -75.75
 31.53, -75.84
 31.46, -75.93
 31.43, -75.97
 31.33, -76.08
 31.28, -76.13
 31.22, -76.18
 31.12, -76.27
 31.07, -76.33
 31.02, -76.39
 30.92, -76.52
 30.92, -76.52
 30.82, -76.63
 30.71, -76.71
 30.66, -76.73
 30.6, -76.76
 30.48, -76.78
 30.4, -76.8
 30.36, -76.81
 30.24, -76.83
 30.12, -76.86
 30.0, -76.89
 29.89, -76.93
 29.77, -76.96
 29.65, -76.99
 29.54, -77.02
 29.41, -77.04
 29.29, -76.95
 29.26, -76.89
 29.23, -76.82
End:

Color: 187 45 29 255
Line: 3, 0, "125.0"
 34.77, -73.28
 34.75, -73.14
 34.81, -73.05
 34.89, -72.94
 34.91, -72.92
 35.01, -72.81
 35.12, -72.74
 35.24, -72.7
 35.36, -72.68
 35.48, -72.67
 35.61, -72.66
 35.73, -72.65
 35.78, -72.64
 35.85, -72.63
 35.98, -72.64
 36.07, -72.69
 36.14, -72.77
 36.17, -72.82
 36.23, -72.95
 36.28, -73.09
 36.25, -73.26
 36.25, -73.27
 36.14, -73.34
 36.02, -73.39
 35.91, -73.44
 35.79, -73.48
 35.67, -73.52
 35.55, -73.54
 35.42, -73.54
 35.41, -73.54
 35.29, -73.51
 35.16, -73.48
 35.12, -73.48
 35.02, -73.43
 34.91, -73.39
 34.88, -73.36
 34.77, -73.28
End:

Color: 187 45 29 255
Line: 3, 0, "125.0"
 35.68, -71.58
 35.61, -71.45
 35.65, -71.28
 35.66, -71.26
 35.77, -71.16
 35.87, -71.07
 35.95, -71.02
 35.98, -70.99
 36.09, -70.92
 36.2, -70.85
 36.31, -70.79
 36.43, -70.73
 36.54, -70.68
 36.66, -70.63
 36.77, -70.6
 36.9, -70.6
 36.98, -70.63
 37.05, -70.67
 37.13, -70.74
 37.21, -70.81
 37.24, -70.85
 37.33, -70.98
 37.4, -71.11
 37.41, -71.14
 37.46, -71.25
 37.52, -71.39
 37.59, -71.52
 37.64, -71.66
 37.64, -71.83
 37.59, -71.91
 37.5, -72.03
 37.49, -72.05
 37.38, -72.13
 37.27, -72.2
 37.16, -72.25
 37.04, -72.28
 36.91, -72.29
 36.85, -72.27
 36.81, -72.12
 36.83, -71.96
 36.81, -71.81
 36.81, -71.81
 36.8, -71.81
 36.69, -71.69
 36.65, -71.68
 36.51, -71.63
 36.46, -71.62
 36.38, -71.61
 36.26, -71.64
 36.15, -71.7
 36.03, -71.75
 35.91, -71.76
 35.8, -71.7
 35.76, -71.66
 35.68, -71.58
End:

Color: 187 45 29 255
Line: 3, 0, "150.0"
 26.18, -85.15
 26.08, -85.03
 26.05, -84.9
 26.06, -84.76
 26.08, -84.63
 26.1, -84.49
 26.11, -84.39
 26.11, -84.35
 26.14, -84.22
 26.19, -84.11
 26.32, -84.16
 26.33, -84.18
 26.38, -84.31
 26.42, -84.44
 26.49, -84.56
 26.49, -84.56
 26.55, -84.69
 26.61, -84.81
 26.65, -84.92
 26.66, -84.94
 26.69, -85.07
 26.71, -85.2
 26.71, -85.34
 26.71, -85.35
 26.66, -85.48
 26.62, -85.62
 26.62, -85.62
 26.61, -85.62
 26.48, -85.51
 26.48, -85.5
 26.41, -85.38
 26.34, -85.29
 26.31, -85.26
 26.2, -85.16
 26.18, -85.15
End:

Color: 187 45 29 255
Line: 3, 0, "150.0"
 26.68, -87.76
 26.64, -87.63
 26.63, -87.5
 26.69, -87.37
 26.81, -87.37
 26.88, -87.47
 26.95, -87.59
 26.95, -87.6
 26.98, -87.73
 26.98, -87.86
 26.97, -87.87
 26.86, -87.96
 26.76, -87.89
 26.73, -87.87
 26.68, -87.76
End:

Color: 187 45 29 255
Line: 3, 0, "150.0"
 27.13, -79.42
 27.09, -79.29
 27.12, -79.19
 27.14, -79.14
 27.22, -79.07
 27.33, -79.02
 27.45, -78.98
 27.57, -78.97
 27.69, -78.97
 27.82, -78.97
 27.88, -78.97
 27.94, -78.97
 28.06, -78.96
 28.17, -78.93
 28.26, -78.88
 28.29, -78.87
 28.39, -78.79
 28.48, -78.69
 28.5, -78.68
 28.57, -78.67
 28.56, -78.82
 28.53, -78.86
 28.46, -78.98
 28.44, -79.02
 28.39, -79.13
 28.35, -79.23
 28.33, -79.28
 28.27, -79.44
 28.27, -79.45
 28.17, -79.58
 28.14, -79.61
 28.06, -79.66
 27.94, -79.7
 27.82, -79.71
 27.73, -79.7
 27.7, -79.69
 27.57, -79.66
 27.46, -79.62
 27.44, -79.61
 27.31, -79.55
 27.25, -79.53
 27.17, -79.45
 27.13, -79.42
End:

Color: 187 45 29 255
Line: 3, 0, "150.0"
 29.45, -76.62
 29.45, -76.6
 29.46, -76.48
 29.52, -76.34
 29.55, -76.31
 29.62, -76.23
 29.73, -76.14
 29.75, -76.12
 29.83, -76.03
 29.9, -75.93
 29.93, -75.89
 29.99, -75.76
 30.01, -75.73
 30.1, -75.59
 30.11, -75.58
 30.21, -75.47
 30.28, -75.39
 30.31, -75.36
 30.41, -75.25
 30.44, -75.2
 30.51, -75.12
 30.59, -75.02
 30.61, -75.0
 30.71, -74.89
 30.82, -74.82
 30.93, -74.79
 31.06, -74.79
 31.19, -74.81
 31.27, -74.82
 31.32, -74.82
 31.44, -74.83
 31.57, -74.85
 31.63, -74.86
 31.72, -74.96
 31.73, -74.98
 31.73, -75.0
 31.73, -75.12
 31.69, -75.28
 31.67, -75.33
 31.63, -75.45
 31.59, -75.53
 31.55, -75.61
 31.5, -75.7
 31.44, -75.79
 31.4, -75.83
 31.3, -75.94
 31.24, -75.99
 31.19, -76.03
 31.09, -76.12
 31.01, -76.2
 30.99, -76.22
 30.89, -76.35
 30.86, -76.39
 30.79, -76.48
 30.71, -76.57
 30.69, -76.59
 30.57, -76.65
 30.46, -76.69
 30.34, -76.71
 30.22, -76.73
 30.1, -76.76
 29.98, -76.78
 29.86, -76.81
 29.76, -76.82
 29.74, -76.82
 29.61, -76.8
 29.51, -76.75
 29.46, -76.64
 29.45, -76.62
End:

Color: 187 45 29 255
Line: 3, 0, "150.0"
 32.38, -74.19
 32.41, -74.11
 32.42, -74.03
 32.49, -73.92
 32.56, -73.84
 32.59, -73.81
 32.7, -73.74
 32.81, -73.67
 32.92, -73.6
 32.96, -73.57
 33.03, -73.5
 33.12, -73.37
 33.13, -73.36
 33.21, -73.22
 33.25, -73.17
 33.31, -73.11
 33.42, -73.03
 33.53, -72.94
 33.55, -72.92
 33.63, -72.84
 33.73, -72.74
 33.85, -72.68
 33.98, -72.73
 34.01, -72.77
 34.07, -72.9
 34.11, -73.04
 34.15, -73.18
 34.16, -73.33
 34.16, -73.48
 34.16, -73.52
 34.16, -73.64
 34.14, -73.79
 34.11, -73.87
 34.07, -73.97
 34.02, -74.02
 33.91, -74.11
 33.8, -74.19
 33.76, -74.22
 33.69, -74.25
 33.58, -74.29
 33.46, -74.33
 33.34, -74.36
 33.27, -74.37
 33.22, -74.37
 33.09, -74.36
 32.96, -74.36
 32.84, -74.35
 32.83, -74.35
 32.71, -74.32
 32.58, -74.3
 32.51, -74.3
 32.44, -74.23
 32.38, -74.19
End:

Color: 187 45 29 255
Line: 3, 0, "150.0"
 35.31, -73.26
 35.22, -73.14
 35.31, -73.0
 35.42, -72.97
 35.56, -73.0
 35.59, -73.01
 35.7, -73.13
 35.61, -73.26
 35.5, -73.29
 35.37, -73.28
 35.31, -73.26
End:

Color: 187 45 29 255
Line: 3, 0, "150.0"
 36.02, -71.46
 36.0, -71.31
 36.04, -71.26
 36.15, -71.18
 36.26, -71.12
 36.38, -71.09
 36.51, -71.08
 36.58, -71.1
 36.66, -71.17
 36.7, -71.21
 36.68, -71.27
 36.57, -71.35
 36.45, -71.37
 36.33, -71.4
 36.21, -71.44
 36.09, -71.47
 36.02, -71.46
End:

