Title: Effective Storm-Relative Helicity 03Z HRRR | Valid: 04:00Z Tue Apr 13 2021
RefreshSeconds: 60
TimeRange: 2021-04-13T03:45:00Z 2021-04-13T04:15:00Z
Color: 129 182 247 255
Line: 1, 0, "50.0"
 25.27, -96.02
 25.38, -95.96
 25.39, -95.95
 25.5, -95.86
 25.55, -95.82
 25.62, -95.76
 25.72, -95.68
 25.74, -95.67
 25.85, -95.6
 25.97, -95.56
 26.09, -95.58
 26.15, -95.67
 26.16, -95.81
 26.16, -95.94
 26.16, -96.07
 26.19, -96.2
 26.22, -96.34
 26.19, -96.47
 26.1, -96.51
 25.99, -96.53
 25.87, -96.52
 25.75, -96.52
 25.63, -96.53
 25.51, -96.55
 25.39, -96.58
 25.31, -96.61
 25.27, -96.62
End:

Color: 129 182 247 255
Line: 1, 0, "50.0"
 24.97, -89.63
 25.09, -89.59
 25.2, -89.53
 25.25, -89.51
 25.32, -89.48
 25.43, -89.44
 25.55, -89.39
 25.66, -89.34
 25.66, -89.34
 25.78, -89.25
 25.84, -89.19
 25.89, -89.15
 26.0, -89.07
 26.07, -89.03
 26.12, -89.01
 26.23, -88.98
 26.35, -89.0
 26.37, -89.0
 26.48, -89.04
 26.6, -89.11
 26.61, -89.11
 26.73, -89.18
 26.8, -89.23
 26.85, -89.26
 26.98, -89.31
 27.05, -89.34
 27.1, -89.35
 27.22, -89.39
 27.31, -89.45
 27.35, -89.47
 27.43, -89.57
 27.49, -89.65
 27.5, -89.7
 27.54, -89.83
 27.57, -89.96
 27.59, -90.09
 27.62, -90.23
 27.66, -90.36
 27.66, -90.36
 27.7, -90.49
 27.76, -90.62
 27.8, -90.72
 27.82, -90.75
 27.87, -90.89
 27.92, -91.02
 27.94, -91.08
 27.97, -91.15
 28.04, -91.28
 28.08, -91.34
 28.13, -91.41
 28.21, -91.53
 28.22, -91.54
 28.29, -91.67
 28.35, -91.79
 28.35, -91.8
 28.41, -91.93
 28.47, -92.07
 28.48, -92.1
 28.53, -92.2
 28.58, -92.33
 28.6, -92.47
 28.61, -92.61
 28.59, -92.74
 28.59, -92.88
 28.63, -93.02
 28.65, -93.04
 28.77, -93.14
 28.77, -93.15
 28.89, -93.19
 29.02, -93.22
 29.14, -93.23
 29.26, -93.22
 29.3, -93.25
 29.38, -93.34
 29.39, -93.39
 29.43, -93.52
 29.46, -93.66
 29.5, -93.8
 29.52, -93.88
 29.53, -93.93
 29.53, -94.07
 29.55, -94.21
 29.56, -94.35
 29.58, -94.49
 29.6, -94.62
 29.63, -94.76
 29.67, -94.9
 29.67, -94.9
 29.69, -95.04
 29.71, -95.18
 29.72, -95.31
 29.71, -95.45
 29.7, -95.59
 29.69, -95.69
 29.67, -95.73
 29.57, -95.79
 29.45, -95.8
 29.33, -95.81
 29.21, -95.84
 29.15, -95.88
 29.09, -95.94
 29.03, -96.02
 28.97, -96.11
 28.94, -96.16
 28.85, -96.25
 28.8, -96.3
 28.74, -96.35
 28.64, -96.44
 28.62, -96.46
 28.5, -96.55
 28.47, -96.58
 28.38, -96.65
 28.3, -96.71
 28.26, -96.76
 28.19, -96.85
 28.14, -96.99
 28.14, -96.99
 28.09, -97.12
 28.02, -97.2
 27.95, -97.26
 27.9, -97.28
 27.78, -97.31
 27.66, -97.34
 27.54, -97.36
 27.42, -97.37
 27.3, -97.32
 27.26, -97.26
 27.23, -97.13
 27.23, -96.99
 27.21, -96.86
 27.2, -96.73
 27.21, -96.59
 27.22, -96.46
 27.23, -96.32
 27.23, -96.19
 27.21, -96.05
 27.17, -95.95
 27.16, -95.92
 27.11, -95.79
 27.08, -95.65
 27.06, -95.52
 27.06, -95.38
 27.07, -95.25
 27.04, -95.12
 27.04, -95.12
 26.91, -95.01
 26.86, -94.99
 26.79, -94.96
 26.67, -94.93
 26.55, -94.92
 26.43, -94.91
 26.34, -94.87
 26.31, -94.86
 26.27, -94.74
 26.25, -94.61
 26.26, -94.47
 26.28, -94.34
 26.28, -94.21
 26.27, -94.07
 26.25, -93.94
 26.21, -93.81
 26.16, -93.73
 26.12, -93.68
 26.03, -93.58
 26.01, -93.56
 25.91, -93.46
 25.88, -93.43
 25.79, -93.34
 25.74, -93.3
 25.66, -93.24
 25.58, -93.18
 25.54, -93.16
 25.42, -93.1
 25.3, -93.07
 25.26, -93.07
 25.18, -93.06
End:

Color: 129 182 247 255
Line: 1, 0, "50.0"
 36.98, -69.36
 36.99, -69.39
 36.96, -69.53
 36.93, -69.67
 36.8, -69.65
 36.76, -69.6
 36.69, -69.47
End:

Color: 129 182 247 255
Line: 1, 0, "50.0"
 27.84, -102.28
 27.87, -102.14
 27.92, -102.09
 27.99, -102.01
 28.05, -101.98
 28.17, -101.9
 28.19, -101.89
 28.29, -101.84
 28.41, -101.76
 28.41, -101.76
 28.54, -101.7
 28.66, -101.64
 28.66, -101.64
 28.78, -101.58
 28.9, -101.51
 28.91, -101.51
 29.02, -101.38
 29.03, -101.29
 29.04, -101.25
 29.04, -101.21
 29.02, -101.11
 28.98, -100.97
 28.97, -100.83
 28.99, -100.69
 29.0, -100.56
 29.04, -100.42
 29.06, -100.39
 29.18, -100.34
 29.27, -100.29
 29.31, -100.27
 29.4, -100.16
 29.43, -100.02
 29.43, -99.94
 29.44, -99.88
 29.51, -99.75
 29.56, -99.71
 29.68, -99.69
 29.8, -99.65
 29.86, -99.62
 29.92, -99.58
 30.05, -99.48
 30.05, -99.48
 30.17, -99.37
 30.19, -99.35
 30.29, -99.26
 30.37, -99.21
 30.41, -99.18
 30.54, -99.09
 30.55, -99.07
 30.66, -98.97
 30.7, -98.94
 30.78, -98.87
 30.87, -98.8
 30.9, -98.78
 31.02, -98.67
 31.03, -98.66
 31.13, -98.52
 31.15, -98.47
 31.18, -98.38
 31.21, -98.24
 31.23, -98.1
 31.25, -97.96
 31.27, -97.92
 31.35, -97.82
 31.39, -97.77
 31.45, -97.68
 31.48, -97.53
 31.48, -97.39
 31.51, -97.34
 31.59, -97.25
 31.63, -97.23
 31.66, -97.25
 31.76, -97.32
 31.79, -97.39
 31.88, -97.51
 31.9, -97.53
 32.0, -97.6
 32.12, -97.64
 32.24, -97.64
 32.36, -97.63
 32.48, -97.59
 32.56, -97.53
 32.6, -97.5
 32.71, -97.39
 32.72, -97.36
 32.8, -97.25
 32.85, -97.11
 32.85, -97.1
 32.93, -96.96
 32.97, -96.91
 33.06, -96.81
 33.09, -96.78
 33.21, -96.67
 33.22, -96.66
 33.33, -96.62
 33.45, -96.58
 33.57, -96.56
 33.69, -96.53
 33.74, -96.51
 33.81, -96.49
 33.93, -96.41
 33.97, -96.36
 34.05, -96.3
 34.13, -96.21
 34.17, -96.18
 34.28, -96.06
 34.29, -96.05
 34.41, -95.94
 34.44, -95.91
 34.53, -95.82
 34.59, -95.76
 34.65, -95.69
 34.72, -95.61
 34.77, -95.53
 34.82, -95.46
 34.89, -95.34
 34.91, -95.31
 34.99, -95.16
 35.01, -95.14
 35.08, -95.01
 35.12, -94.94
 35.17, -94.86
 35.24, -94.71
 35.24, -94.69
 35.3, -94.55
 35.34, -94.4
 35.34, -94.25
 35.33, -94.11
 35.3, -93.96
 35.28, -93.81
 35.33, -93.66
 35.33, -93.65
 35.45, -93.61
 35.57, -93.61
 35.69, -93.6
 35.82, -93.58
 35.94, -93.57
 36.06, -93.56
 36.18, -93.52
 36.25, -93.46
 36.3, -93.44
 36.42, -93.38
 36.54, -93.31
 36.58, -93.29
 36.66, -93.26
 36.78, -93.25
 36.84, -93.27
 36.9, -93.32
 36.97, -93.42
 36.98, -93.57
 36.95, -93.73
 36.92, -93.83
 36.9, -93.88
 36.83, -94.04
 36.81, -94.12
 36.77, -94.19
 36.71, -94.35
 36.69, -94.4
 36.63, -94.5
 36.58, -94.57
 36.5, -94.66
 36.46, -94.69
 36.34, -94.81
 36.33, -94.82
 36.22, -94.91
 36.16, -94.97
 36.1, -95.03
 36.02, -95.13
 35.98, -95.19
 35.92, -95.28
 35.87, -95.43
 35.86, -95.44
 35.82, -95.58
 35.78, -95.74
 35.75, -95.88
 35.75, -95.89
 35.69, -96.04
 35.65, -96.19
 35.63, -96.23
 35.58, -96.34
 35.52, -96.49
 35.51, -96.5
 35.44, -96.64
 35.39, -96.75
 35.37, -96.79
 35.28, -96.94
 35.27, -96.96
 35.17, -97.09
 35.15, -97.12
 35.06, -97.24
 35.03, -97.27
 34.94, -97.39
 34.91, -97.43
 34.83, -97.53
 34.79, -97.58
 34.68, -97.68
 34.67, -97.7
 34.54, -97.8
 34.51, -97.83
 34.42, -97.9
 34.35, -97.98
 34.3, -98.03
 34.22, -98.12
 34.18, -98.18
 34.11, -98.27
 34.06, -98.34
 34.0, -98.41
 33.93, -98.51
 33.9, -98.56
 33.81, -98.68
 33.79, -98.7
 33.69, -98.85
 33.69, -98.85
 33.57, -98.99
 33.56, -99.0
 33.47, -99.13
 33.44, -99.17
 33.36, -99.28
 33.32, -99.35
 33.27, -99.42
 33.19, -99.54
 33.18, -99.56
 33.09, -99.71
 33.06, -99.79
 33.03, -99.85
 32.99, -99.99
 32.96, -100.14
 32.93, -100.23
 32.91, -100.28
 32.84, -100.42
 32.81, -100.49
 32.75, -100.56
 32.68, -100.65
 32.63, -100.7
 32.55, -100.78
 32.5, -100.84
 32.43, -100.9
 32.34, -100.98
 32.31, -101.0
 32.18, -101.07
 32.13, -101.11
 32.06, -101.14
 31.93, -101.22
 31.9, -101.24
 31.81, -101.28
 31.69, -101.35
 31.65, -101.37
 31.56, -101.42
 31.45, -101.5
 31.44, -101.51
 31.32, -101.56
 31.2, -101.63
 31.19, -101.63
 31.07, -101.68
 30.95, -101.75
 30.93, -101.76
 30.82, -101.81
 30.72, -101.89
 30.7, -101.9
 30.57, -101.98
 30.53, -102.02
 30.45, -102.06
 30.33, -102.15
 30.33, -102.15
 30.2, -102.19
 30.08, -102.19
 30.0, -102.13
 29.97, -102.06
 29.94, -101.98
 29.85, -101.88
 29.79, -101.84
 29.74, -101.81
 29.62, -101.79
 29.5, -101.78
 29.38, -101.8
 29.35, -101.81
 29.25, -101.9
 29.23, -101.94
 29.18, -102.08
 29.15, -102.22
 29.11, -102.33
 29.11, -102.35
 29.07, -102.49
 29.05, -102.62
 29.04, -102.76
 29.03, -102.9
 28.97, -103.03
 28.96, -103.04
 28.83, -103.14
 28.71, -103.07
 28.66, -103.01
 28.6, -102.96
 28.48, -102.87
 28.47, -102.86
 28.37, -102.78
 28.25, -102.72
 28.2, -102.71
 28.13, -102.65
 28.02, -102.56
 28.01, -102.56
 27.91, -102.42
 27.91, -102.41
 27.84, -102.28
End:

Color: 129 182 247 255
Line: 1, 0, "50.0"
 29.12, -100.84
 29.17, -100.94
 29.19, -100.98
 29.28, -101.04
 29.4, -101.04
 29.53, -100.99
 29.53, -100.99
 29.65, -100.9
 29.68, -100.86
 29.7, -100.72
 29.66, -100.65
 29.59, -100.58
 29.54, -100.53
 29.42, -100.48
 29.3, -100.48
 29.22, -100.57
 29.18, -100.64
 29.13, -100.7
 29.12, -100.84
End:

Color: 129 182 247 255
Line: 2, 0, "100.0"
 25.09, -91.33
 25.2, -91.24
 25.21, -91.23
 25.31, -91.11
 25.33, -91.09
 25.41, -90.95
 25.42, -90.88
 25.43, -90.81
 25.41, -90.68
 25.4, -90.67
 25.33, -90.56
 25.27, -90.48
 25.17, -90.44
 25.15, -90.31
 25.19, -90.18
 25.22, -90.04
 25.24, -90.01
 25.3, -89.9
 25.35, -89.87
 25.46, -89.81
 25.58, -89.78
 25.7, -89.75
 25.74, -89.73
 25.81, -89.71
 25.93, -89.66
 26.04, -89.62
 26.16, -89.59
 26.28, -89.59
 26.4, -89.63
 26.47, -89.66
 26.53, -89.7
 26.63, -89.78
 26.66, -89.81
 26.73, -89.9
 26.79, -89.99
 26.82, -90.03
 26.9, -90.16
 26.92, -90.18
 27.02, -90.28
 27.05, -90.32
 27.17, -90.4
 27.18, -90.41
 27.31, -90.51
 27.32, -90.52
 27.44, -90.64
 27.44, -90.65
 27.54, -90.78
 27.57, -90.8
 27.62, -90.91
 27.69, -91.04
 27.7, -91.05
 27.75, -91.17
 27.81, -91.3
 27.84, -91.33
 27.89, -91.43
 27.97, -91.53
 27.99, -91.56
 28.08, -91.68
 28.1, -91.71
 28.16, -91.82
 28.22, -91.95
 28.23, -91.97
 28.28, -92.08
 28.34, -92.21
 28.37, -92.3
 28.39, -92.35
 28.39, -92.48
 28.38, -92.53
 28.35, -92.62
 28.3, -92.76
 28.28, -92.88
 28.27, -92.9
 28.28, -92.97
 28.29, -93.03
 28.34, -93.17
 28.42, -93.26
 28.45, -93.3
 28.54, -93.37
 28.65, -93.43
 28.66, -93.43
 28.78, -93.48
 28.91, -93.52
 28.98, -93.55
 29.03, -93.58
 29.13, -93.68
 29.13, -93.81
 29.07, -93.95
 29.04, -94.02
 29.01, -94.1
 28.97, -94.23
 28.95, -94.37
 28.94, -94.51
 28.94, -94.54
 28.93, -94.65
 28.91, -94.79
 28.88, -94.92
 28.83, -95.06
 28.83, -95.06
 28.78, -95.2
 28.72, -95.34
 28.72, -95.34
 28.64, -95.48
 28.6, -95.54
 28.56, -95.62
 28.49, -95.72
 28.46, -95.76
 28.37, -95.86
 28.31, -95.9
 28.25, -95.94
 28.13, -95.97
 28.01, -95.96
 27.89, -95.93
 27.82, -95.91
 27.77, -95.89
 27.65, -95.87
 27.53, -95.81
 27.5, -95.78
 27.41, -95.67
 27.4, -95.65
 27.36, -95.51
 27.36, -95.38
 27.36, -95.24
 27.35, -95.11
 27.3, -94.97
 27.27, -94.94
 27.2, -94.84
 27.15, -94.79
 27.03, -94.72
 27.02, -94.71
 26.9, -94.63
 26.83, -94.59
 26.78, -94.51
 26.75, -94.46
 26.78, -94.38
 26.81, -94.32
 26.89, -94.25
 27.01, -94.19
 27.12, -94.17
 27.13, -94.17
 27.14, -94.17
 27.25, -94.18
 27.37, -94.2
 27.49, -94.2
 27.61, -94.2
 27.73, -94.19
 27.82, -94.14
 27.85, -94.11
 27.88, -94.01
 27.89, -93.87
 27.88, -93.74
 27.86, -93.6
 27.83, -93.52
 27.78, -93.47
 27.7, -93.4
 27.58, -93.36
 27.51, -93.35
 27.46, -93.33
 27.34, -93.32
 27.22, -93.3
 27.1, -93.29
 26.98, -93.27
 26.89, -93.24
 26.86, -93.24
 26.74, -93.2
 26.61, -93.17
 26.55, -93.13
 26.49, -93.11
 26.39, -93.0
 26.37, -92.99
 26.29, -92.88
 26.24, -92.8
 26.22, -92.75
 26.19, -92.62
 26.19, -92.48
 26.19, -92.35
 26.12, -92.22
 26.09, -92.2
 25.97, -92.13
 25.9, -92.1
 25.85, -92.08
 25.72, -92.03
 25.65, -91.99
 25.6, -91.95
 25.5, -91.86
 25.48, -91.82
 25.4, -91.74
 25.35, -91.67
 25.25, -91.62
 25.22, -91.6
 25.1, -91.57
End:

Color: 129 182 247 255
Line: 2, 0, "100.0"
 28.24, -102.44
 28.27, -102.3
 28.27, -102.3
 28.35, -102.17
 28.4, -102.12
 28.48, -102.04
 28.52, -101.99
 28.61, -101.91
 28.65, -101.88
 28.77, -101.82
 28.89, -101.82
 28.96, -101.93
 28.96, -102.07
 28.93, -102.2
 28.89, -102.34
 28.87, -102.43
 28.85, -102.47
 28.82, -102.61
 28.81, -102.75
 28.73, -102.88
 28.72, -102.88
 28.71, -102.88
 28.61, -102.83
 28.49, -102.75
 28.43, -102.72
 28.37, -102.66
 28.27, -102.57
 28.26, -102.53
 28.24, -102.44
End:

Color: 129 182 247 255
Line: 2, 0, "100.0"
 29.31, -101.4
 29.29, -101.26
 29.4, -101.14
 29.41, -101.13
 29.52, -101.08
 29.65, -101.0
 29.65, -101.0
 29.76, -100.86
 29.77, -100.73
 29.7, -100.58
 29.66, -100.53
 29.55, -100.44
 29.54, -100.43
 29.48, -100.3
 29.53, -100.16
 29.55, -100.11
 29.62, -100.03
 29.67, -99.99
 29.8, -99.93
 29.84, -99.89
 29.92, -99.84
 29.99, -99.76
 30.04, -99.71
 30.13, -99.62
 30.17, -99.58
 30.27, -99.49
 30.29, -99.47
 30.41, -99.38
 30.44, -99.35
 30.53, -99.28
 30.62, -99.22
 30.65, -99.19
 30.78, -99.08
 30.78, -99.08
 30.9, -98.98
 30.96, -98.94
 31.02, -98.89
 31.11, -98.8
 31.14, -98.76
 31.21, -98.66
 31.27, -98.55
 31.28, -98.52
 31.34, -98.38
 31.39, -98.26
 31.4, -98.24
 31.5, -98.1
 31.51, -98.09
 31.63, -97.99
 31.68, -97.96
 31.76, -97.92
 31.88, -97.88
 32.0, -97.86
 32.11, -97.82
 32.12, -97.82
 32.24, -97.77
 32.36, -97.73
 32.46, -97.68
 32.48, -97.67
 32.6, -97.6
 32.68, -97.53
 32.72, -97.49
 32.82, -97.39
 32.85, -97.33
 32.92, -97.25
 32.97, -97.16
 33.02, -97.1
 33.09, -97.02
 33.18, -96.95
 33.21, -96.93
 33.33, -96.87
 33.45, -96.85
 33.57, -96.83
 33.69, -96.82
 33.73, -96.8
 33.81, -96.77
 33.93, -96.68
 33.95, -96.66
 34.06, -96.53
 34.07, -96.51
 34.16, -96.36
 34.17, -96.34
 34.26, -96.21
 34.29, -96.18
 34.4, -96.06
 34.41, -96.05
 34.53, -95.95
 34.59, -95.91
 34.65, -95.86
 34.75, -95.76
 34.77, -95.73
 34.87, -95.61
 34.89, -95.57
 34.96, -95.46
 35.01, -95.34
 35.03, -95.31
 35.09, -95.16
 35.13, -95.09
 35.17, -95.01
 35.24, -94.85
 35.24, -94.84
 35.31, -94.7
 35.35, -94.55
 35.36, -94.53
 35.39, -94.4
 35.4, -94.25
 35.39, -94.1
 35.37, -93.95
 35.37, -93.81
 35.45, -93.72
 35.58, -93.7
 35.7, -93.69
 35.82, -93.68
 35.94, -93.69
 36.06, -93.69
 36.18, -93.65
 36.23, -93.61
 36.3, -93.56
 36.42, -93.45
 36.42, -93.45
 36.54, -93.39
 36.66, -93.34
 36.78, -93.34
 36.89, -93.42
 36.91, -93.46
 36.93, -93.57
 36.92, -93.68
 36.91, -93.73
 36.85, -93.88
 36.8, -94.01
 36.79, -94.04
 36.72, -94.19
 36.69, -94.28
 36.65, -94.35
 36.57, -94.47
 36.54, -94.5
 36.45, -94.6
 36.4, -94.66
 36.34, -94.72
 36.24, -94.82
 36.22, -94.84
 36.1, -94.96
 36.08, -94.98
 35.98, -95.09
 35.95, -95.13
 35.86, -95.28
 35.86, -95.28
 35.79, -95.44
 35.75, -95.59
 35.75, -95.6
 35.7, -95.74
 35.66, -95.89
 35.63, -96.03
 35.63, -96.04
 35.57, -96.19
 35.52, -96.34
 35.51, -96.35
 35.44, -96.49
 35.39, -96.61
 35.38, -96.64
 35.29, -96.79
 35.27, -96.83
 35.18, -96.94
 35.15, -96.99
 35.06, -97.09
 35.03, -97.13
 34.94, -97.24
 34.91, -97.28
 34.82, -97.39
 34.79, -97.43
 34.69, -97.53
 34.67, -97.55
 34.55, -97.64
 34.47, -97.68
 34.42, -97.71
 34.3, -97.79
 34.22, -97.83
 34.18, -97.86
 34.06, -97.94
 34.02, -97.97
 33.94, -98.12
 33.94, -98.12
 33.9, -98.27
 33.85, -98.41
 33.81, -98.48
 33.78, -98.56
 33.69, -98.7
 33.69, -98.7
 33.59, -98.85
 33.57, -98.87
 33.48, -98.99
 33.44, -99.05
 33.39, -99.13
 33.32, -99.26
 33.3, -99.28
 33.21, -99.42
 33.19, -99.45
 33.12, -99.56
 33.07, -99.67
 33.05, -99.7
 32.98, -99.85
 32.94, -99.99
 32.94, -100.02
 32.89, -100.13
 32.84, -100.28
 32.81, -100.34
 32.75, -100.42
 32.68, -100.5
 32.63, -100.56
 32.56, -100.64
 32.5, -100.7
 32.43, -100.77
 32.36, -100.83
 32.31, -100.87
 32.19, -100.96
 32.17, -100.97
 32.06, -101.03
 31.97, -101.1
 31.94, -101.12
 31.81, -101.19
 31.75, -101.23
 31.69, -101.26
 31.57, -101.34
 31.52, -101.37
 31.44, -101.41
 31.32, -101.47
 31.28, -101.49
 31.2, -101.52
 31.07, -101.56
 30.96, -101.62
 30.95, -101.62
 30.83, -101.67
 30.7, -101.75
 30.7, -101.75
 30.58, -101.81
 30.5, -101.88
 30.46, -101.9
 30.33, -101.99
 30.29, -102.0
 30.21, -102.02
 30.18, -102.0
 30.09, -101.89
 30.07, -101.85
 29.98, -101.76
 29.86, -101.7
 29.86, -101.7
 29.74, -101.67
 29.62, -101.63
 29.5, -101.59
 29.42, -101.54
 29.39, -101.5
 29.31, -101.4
End:

Color: 129 182 247 255
Line: 2, 0, "100.0"
 30.45, -101.03
 30.49, -101.08
 30.49, -101.03
 30.49, -101.02
 30.45, -101.03
End:

Color: 60 97 147 255
Line: 3, 0, "200.0"
 29.99, -100.32
 30.03, -100.23
 30.04, -100.18
 30.11, -100.04
 30.16, -99.97
 30.2, -99.9
 30.28, -99.8
 30.31, -99.77
 30.4, -99.68
 30.47, -99.63
 30.53, -99.59
 30.65, -99.5
 30.66, -99.5
 30.77, -99.42
 30.85, -99.36
 30.89, -99.33
 31.02, -99.25
 31.06, -99.23
 31.14, -99.18
 31.26, -99.09
 31.26, -99.09
 31.37, -98.95
 31.38, -98.93
 31.44, -98.81
 31.49, -98.67
 31.51, -98.62
 31.55, -98.53
 31.63, -98.41
 31.66, -98.39
 31.75, -98.32
 31.87, -98.27
 31.96, -98.25
 32.0, -98.24
 32.12, -98.22
 32.24, -98.19
 32.36, -98.13
 32.38, -98.11
 32.48, -98.05
 32.6, -97.97
 32.62, -97.97
 32.72, -97.91
 32.85, -97.87
 32.97, -97.84
 33.0, -97.82
 33.09, -97.78
 33.2, -97.68
 33.21, -97.67
 33.33, -97.56
 33.39, -97.53
 33.45, -97.51
 33.57, -97.53
 33.58, -97.53
 33.59, -97.68
 33.57, -97.72
 33.53, -97.83
 33.46, -97.97
 33.45, -97.98
 33.36, -98.12
 33.33, -98.19
 33.29, -98.26
 33.27, -98.4
 33.26, -98.55
 33.25, -98.69
 33.22, -98.84
 33.2, -98.94
 33.19, -98.98
 33.15, -99.13
 33.1, -99.27
 33.07, -99.32
 33.03, -99.41
 32.95, -99.56
 32.95, -99.56
 32.84, -99.7
 32.82, -99.73
 32.7, -99.83
 32.69, -99.84
 32.58, -99.91
 32.5, -99.98
 32.45, -100.02
 32.36, -100.12
 32.33, -100.14
 32.21, -100.25
 32.2, -100.25
 32.08, -100.35
 32.01, -100.39
 31.96, -100.42
 31.84, -100.48
 31.71, -100.5
 31.59, -100.51
 31.57, -100.51
 31.47, -100.56
 31.35, -100.6
 31.23, -100.62
 31.11, -100.62
 30.99, -100.62
 30.86, -100.62
 30.74, -100.58
 30.63, -100.52
 30.53, -100.48
 30.51, -100.46
 30.39, -100.43
 30.27, -100.41
 30.15, -100.41
 30.03, -100.41
 29.99, -100.32
End:

Color: 60 97 147 255
Line: 3, 0, "200.0"
 33.94, -97.39
 33.92, -97.24
 33.94, -97.21
 34.0, -97.1
 34.06, -97.01
 34.1, -96.95
 34.18, -96.84
 34.21, -96.8
 34.3, -96.66
 34.31, -96.65
 34.41, -96.5
 34.42, -96.49
 34.54, -96.38
 34.61, -96.35
 34.66, -96.33
 34.78, -96.3
 34.9, -96.26
 35.02, -96.27
 35.09, -96.35
 35.11, -96.49
 35.05, -96.64
 35.03, -96.68
 34.96, -96.79
 34.91, -96.86
 34.86, -96.94
 34.79, -97.03
 34.74, -97.09
 34.67, -97.17
 34.56, -97.24
 34.55, -97.25
 34.42, -97.29
 34.3, -97.33
 34.18, -97.37
 34.1, -97.39
 34.06, -97.4
 33.94, -97.39
 33.94, -97.39
End:

Color: 60 97 147 255
Line: 3, 0, "200.0"
 35.6, -94.99
 35.53, -94.84
 35.51, -94.7
 35.52, -94.55
 35.54, -94.4
 35.56, -94.24
 35.59, -94.11
 35.6, -94.09
 35.71, -94.0
 35.83, -93.99
 35.95, -94.0
 36.07, -94.0
 36.19, -93.99
 36.32, -93.97
 36.44, -93.91
 36.46, -93.9
 36.55, -93.84
 36.6, -93.9
 36.58, -94.05
 36.56, -94.1
 36.52, -94.2
 36.45, -94.32
 36.43, -94.36
 36.33, -94.48
 36.31, -94.51
 36.21, -94.62
 36.16, -94.67
 36.09, -94.74
 36.0, -94.83
 35.97, -94.85
 35.85, -94.94
 35.77, -94.99
 35.73, -95.01
 35.61, -95.0
 35.6, -94.99
End:

Color: 60 97 147 255
Line: 3, 0, "300.0"
 30.62, -100.06
 30.64, -100.01
 30.68, -99.92
 30.76, -99.87
 30.86, -99.78
 30.89, -99.77
 31.01, -99.69
 31.06, -99.65
 31.13, -99.61
 31.25, -99.52
 31.26, -99.51
 31.38, -99.43
 31.44, -99.38
 31.5, -99.33
 31.61, -99.24
 31.62, -99.22
 31.74, -99.1
 31.74, -99.09
 31.85, -98.96
 31.87, -98.93
 31.97, -98.82
 31.99, -98.79
 32.11, -98.75
 32.23, -98.8
 32.26, -98.82
 32.35, -98.91
 32.41, -98.97
 32.47, -99.1
 32.48, -99.11
 32.48, -99.26
 32.47, -99.28
 32.41, -99.4
 32.34, -99.48
 32.3, -99.54
 32.22, -99.63
 32.17, -99.68
 32.1, -99.76
 32.0, -99.82
 31.97, -99.83
 31.85, -99.87
 31.73, -99.9
 31.63, -99.95
 31.61, -99.96
 31.48, -100.03
 31.41, -100.08
 31.36, -100.11
 31.24, -100.17
 31.12, -100.22
 31.12, -100.22
 31.0, -100.22
 30.88, -100.21
 30.86, -100.21
 30.76, -100.15
 30.64, -100.07
 30.62, -100.06
End:

Title: Effective Storm-Relative Helicity 03Z HRRR | Valid: 04:30Z Tue Apr 13 2021
RefreshSeconds: 60
TimeRange: 2021-04-13T04:15:00Z 2021-04-13T04:45:00Z
Color: 129 182 247 255
Line: 1, 0, "50.0"
 25.27, -96.27
 25.35, -96.22
 25.39, -96.19
 25.5, -96.1
 25.53, -96.08
 25.62, -96.02
 25.72, -95.95
 25.74, -95.94
 25.86, -95.85
 25.91, -95.81
 25.98, -95.77
 26.09, -95.71
 26.21, -95.75
 26.23, -95.8
 26.23, -95.94
 26.24, -96.07
 26.25, -96.2
 26.24, -96.34
 26.22, -96.37
 26.17, -96.47
 26.1, -96.5
 25.99, -96.54
 25.87, -96.55
 25.75, -96.57
 25.63, -96.6
 25.61, -96.61
 25.51, -96.63
 25.39, -96.67
 25.27, -96.73
End:

Color: 129 182 247 255
Line: 1, 0, "50.0"
 24.98, -89.79
 25.1, -89.77
 25.22, -89.73
 25.33, -89.69
 25.45, -89.64
 25.5, -89.62
 25.56, -89.58
 25.68, -89.52
 25.74, -89.46
 25.79, -89.41
 25.85, -89.32
 25.9, -89.26
 26.0, -89.17
 26.01, -89.16
 26.12, -89.11
 26.24, -89.09
 26.36, -89.1
 26.44, -89.13
 26.49, -89.14
 26.61, -89.19
 26.73, -89.23
 26.73, -89.23
 26.86, -89.28
 26.98, -89.32
 27.04, -89.34
 27.1, -89.36
 27.22, -89.39
 27.35, -89.44
 27.35, -89.44
 27.48, -89.53
 27.5, -89.56
 27.59, -89.69
 27.61, -89.72
 27.64, -89.82
 27.67, -89.95
 27.7, -90.09
 27.73, -90.22
 27.76, -90.35
 27.78, -90.43
 27.8, -90.48
 27.84, -90.62
 27.89, -90.75
 27.93, -90.82
 27.96, -90.88
 28.01, -91.01
 28.05, -91.14
 28.07, -91.18
 28.11, -91.27
 28.18, -91.41
 28.21, -91.44
 28.27, -91.53
 28.34, -91.63
 28.36, -91.66
 28.45, -91.8
 28.47, -91.83
 28.53, -91.93
 28.59, -92.06
 28.6, -92.08
 28.66, -92.19
 28.71, -92.33
 28.74, -92.46
 28.74, -92.6
 28.74, -92.74
 28.74, -92.87
 28.76, -92.98
 28.77, -93.01
 28.87, -93.14
 28.89, -93.16
 29.02, -93.24
 29.09, -93.27
 29.14, -93.28
 29.26, -93.31
 29.38, -93.35
 29.43, -93.39
 29.51, -93.46
 29.53, -93.52
 29.56, -93.66
 29.58, -93.79
 29.6, -93.93
 29.62, -94.07
 29.65, -94.17
 29.66, -94.21
 29.68, -94.34
 29.7, -94.48
 29.71, -94.62
 29.73, -94.76
 29.77, -94.9
 29.79, -94.99
 29.8, -95.03
 29.81, -95.17
 29.82, -95.31
 29.82, -95.45
 29.82, -95.59
 29.81, -95.73
 29.81, -95.73
 29.69, -95.8
 29.57, -95.78
 29.45, -95.77
 29.33, -95.77
 29.21, -95.83
 29.17, -95.88
 29.09, -95.99
 29.07, -96.02
 28.97, -96.14
 28.96, -96.16
 28.85, -96.26
 28.82, -96.3
 28.74, -96.39
 28.69, -96.44
 28.62, -96.52
 28.56, -96.58
 28.5, -96.65
 28.42, -96.71
 28.38, -96.76
 28.29, -96.85
 28.26, -96.89
 28.18, -96.99
 28.14, -97.05
 28.07, -97.12
 28.02, -97.17
 27.9, -97.25
 27.87, -97.26
 27.78, -97.29
 27.66, -97.31
 27.54, -97.27
 27.53, -97.26
 27.42, -97.17
 27.39, -97.13
 27.3, -97.0
 27.3, -96.99
 27.22, -96.86
 27.18, -96.78
 27.16, -96.73
 27.14, -96.59
 27.16, -96.46
 27.18, -96.42
 27.21, -96.32
 27.23, -96.19
 27.21, -96.05
 27.17, -95.96
 27.16, -95.92
 27.11, -95.79
 27.07, -95.65
 27.06, -95.52
 27.06, -95.38
 27.04, -95.31
 27.02, -95.25
 26.92, -95.16
 26.84, -95.12
 26.8, -95.11
 26.68, -95.1
 26.56, -95.11
 26.46, -95.0
 26.43, -94.92
 26.43, -94.87
 26.43, -94.75
 26.43, -94.73
 26.45, -94.6
 26.48, -94.47
 26.51, -94.33
 26.53, -94.2
 26.52, -94.06
 26.47, -93.93
 26.4, -93.82
 26.39, -93.8
 26.29, -93.67
 26.28, -93.66
 26.18, -93.55
 26.15, -93.52
 26.05, -93.42
 26.03, -93.4
 25.91, -93.3
 25.9, -93.29
 25.78, -93.21
 25.71, -93.17
 25.66, -93.15
 25.54, -93.11
 25.42, -93.09
 25.3, -93.07
 25.27, -93.06
 25.18, -93.05
End:

Color: 129 182 247 255
Line: 1, 0, "50.0"
 36.89, -69.39
 36.91, -69.54
 36.92, -69.63
 36.81, -69.72
 36.72, -69.62
 36.66, -69.49
End:

Color: 129 182 247 255
Line: 1, 0, "50.0"
 27.9, -102.28
 27.91, -102.25
 28.04, -102.16
 28.06, -102.15
 28.16, -102.12
 28.28, -102.08
 28.37, -102.03
 28.4, -102.01
 28.52, -101.91
 28.53, -101.9
 28.65, -101.78
 28.66, -101.78
 28.78, -101.69
 28.84, -101.65
 28.9, -101.51
 28.89, -101.38
 28.85, -101.24
 28.82, -101.1
 28.82, -100.96
 28.84, -100.83
 28.87, -100.69
 28.89, -100.55
 28.94, -100.43
 28.95, -100.42
 29.06, -100.3
 29.09, -100.28
 29.19, -100.21
 29.25, -100.15
 29.31, -100.08
 29.38, -100.02
 29.43, -99.95
 29.56, -99.9
 29.62, -99.89
 29.68, -99.87
 29.8, -99.8
 29.85, -99.76
 29.92, -99.69
 29.99, -99.62
 30.04, -99.57
 30.14, -99.48
 30.17, -99.46
 30.29, -99.36
 30.3, -99.35
 30.41, -99.26
 30.47, -99.21
 30.53, -99.15
 30.62, -99.08
 30.66, -99.03
 30.75, -98.94
 30.78, -98.91
 30.9, -98.8
 30.9, -98.8
 31.02, -98.67
 31.03, -98.66
 31.12, -98.52
 31.15, -98.46
 31.18, -98.38
 31.24, -98.24
 31.27, -98.14
 31.29, -98.1
 31.37, -97.96
 31.39, -97.93
 31.47, -97.82
 31.51, -97.71
 31.53, -97.68
 31.52, -97.53
 31.52, -97.39
 31.61, -97.25
 31.63, -97.24
 31.64, -97.25
 31.76, -97.39
 31.76, -97.39
 31.79, -97.53
 31.86, -97.68
 31.88, -97.69
 32.0, -97.77
 32.12, -97.78
 32.24, -97.77
 32.36, -97.73
 32.48, -97.69
 32.5, -97.68
 32.6, -97.64
 32.72, -97.55
 32.75, -97.53
 32.85, -97.41
 32.87, -97.39
 32.94, -97.25
 32.97, -97.18
 33.01, -97.1
 33.08, -96.96
 33.09, -96.93
 33.17, -96.81
 33.21, -96.76
 33.33, -96.66
 33.33, -96.66
 33.45, -96.62
 33.57, -96.59
 33.69, -96.55
 33.77, -96.51
 33.81, -96.5
 33.93, -96.42
 33.99, -96.36
 34.05, -96.32
 34.15, -96.21
 34.17, -96.2
 34.29, -96.08
 34.31, -96.06
 34.41, -95.96
 34.46, -95.91
 34.53, -95.84
 34.6, -95.76
 34.65, -95.71
 34.73, -95.61
 34.77, -95.56
 34.85, -95.46
 34.89, -95.41
 34.97, -95.31
 35.01, -95.27
 35.1, -95.16
 35.13, -95.13
 35.21, -95.0
 35.25, -94.94
 35.29, -94.85
 35.36, -94.7
 35.36, -94.69
 35.44, -94.55
 35.47, -94.4
 35.47, -94.35
 35.48, -94.25
 35.48, -94.1
 35.51, -93.95
 35.58, -93.89
 35.7, -93.79
 35.71, -93.79
 35.82, -93.72
 35.93, -93.63
 35.94, -93.62
 36.06, -93.53
 36.13, -93.47
 36.18, -93.42
 36.29, -93.31
 36.29, -93.3
 36.41, -93.23
 36.53, -93.16
 36.57, -93.14
 36.65, -93.1
 36.77, -93.02
 36.84, -92.97
 36.89, -92.93
 37.01, -92.88
 37.11, -92.95
 37.13, -93.0
 37.16, -93.1
 37.16, -93.26
 37.15, -93.34
 37.13, -93.41
 37.07, -93.57
 37.04, -93.64
 36.99, -93.72
 36.93, -93.88
 36.92, -93.91
 36.88, -94.03
 36.85, -94.19
 36.81, -94.29
 36.79, -94.34
 36.7, -94.47
 36.67, -94.5
 36.58, -94.59
 36.51, -94.66
 36.46, -94.71
 36.36, -94.81
 36.34, -94.83
 36.23, -94.97
 36.22, -94.98
 36.12, -95.12
 36.1, -95.17
 36.04, -95.28
 35.99, -95.43
 35.99, -95.46
 35.95, -95.58
 35.9, -95.73
 35.87, -95.83
 35.85, -95.88
 35.78, -96.04
 35.75, -96.1
 35.71, -96.19
 35.65, -96.34
 35.63, -96.37
 35.57, -96.49
 35.51, -96.62
 35.5, -96.64
 35.42, -96.79
 35.39, -96.84
 35.32, -96.94
 35.27, -97.01
 35.19, -97.09
 35.15, -97.13
 35.04, -97.24
 35.03, -97.25
 34.92, -97.39
 34.91, -97.4
 34.81, -97.53
 34.79, -97.57
 34.69, -97.68
 34.67, -97.72
 34.56, -97.83
 34.54, -97.85
 34.42, -97.97
 34.41, -97.98
 34.3, -98.07
 34.26, -98.12
 34.18, -98.21
 34.14, -98.27
 34.06, -98.38
 34.03, -98.41
 33.93, -98.56
 33.93, -98.56
 33.82, -98.7
 33.81, -98.72
 33.71, -98.85
 33.69, -98.89
 33.61, -98.99
 33.56, -99.07
 33.52, -99.14
 33.44, -99.28
 33.44, -99.29
 33.36, -99.42
 33.31, -99.52
 33.28, -99.57
 33.2, -99.71
 33.19, -99.73
 33.11, -99.85
 33.06, -99.99
 33.06, -100.0
 33.01, -100.14
 32.97, -100.28
 32.93, -100.41
 32.92, -100.42
 32.83, -100.56
 32.8, -100.59
 32.7, -100.7
 32.68, -100.72
 32.55, -100.84
 32.55, -100.84
 32.43, -100.95
 32.4, -100.98
 32.3, -101.06
 32.24, -101.11
 32.18, -101.15
 32.05, -101.24
 32.05, -101.25
 31.93, -101.31
 31.83, -101.38
 31.81, -101.39
 31.68, -101.46
 31.61, -101.51
 31.56, -101.54
 31.44, -101.62
 31.39, -101.64
 31.31, -101.67
 31.19, -101.73
 31.13, -101.77
 31.07, -101.8
 30.94, -101.87
 30.9, -101.9
 30.82, -101.94
 30.69, -102.03
 30.69, -102.03
 30.57, -102.12
 30.52, -102.16
 30.44, -102.22
 30.36, -102.29
 30.32, -102.31
 30.19, -102.39
 30.16, -102.42
 30.07, -102.45
 29.95, -102.54
 29.94, -102.54
 29.82, -102.61
 29.74, -102.67
 29.7, -102.69
 29.58, -102.72
 29.47, -102.65
 29.48, -102.51
 29.52, -102.38
 29.55, -102.24
 29.49, -102.1
 29.48, -102.09
 29.37, -102.01
 29.25, -101.98
 29.16, -102.08
 29.12, -102.18
 29.11, -102.21
 29.06, -102.35
 29.03, -102.48
 29.02, -102.62
 29.04, -102.76
 29.08, -102.9
 29.08, -102.92
 29.09, -103.04
 29.07, -103.07
 29.03, -103.17
 28.95, -103.31
 28.94, -103.32
 28.84, -103.3
 28.82, -103.29
 28.77, -103.15
 28.71, -103.09
 28.66, -103.01
 28.6, -102.95
 28.48, -102.87
 28.47, -102.86
 28.37, -102.79
 28.25, -102.74
 28.18, -102.7
 28.13, -102.66
 28.05, -102.56
 28.02, -102.51
 27.94, -102.42
 27.91, -102.32
 27.9, -102.28
End:

Color: 129 182 247 255
Line: 2, 0, "100.0"
 25.1, -91.43
 25.14, -91.36
 25.18, -91.23
 25.14, -91.1
 25.07, -91.04
End:

Color: 129 182 247 255
Line: 2, 0, "100.0"
 25.02, -90.28
 25.14, -90.26
 25.25, -90.22
 25.3, -90.17
 25.37, -90.12
 25.47, -90.02
 25.48, -90.02
 25.59, -89.96
 25.71, -89.9
 25.78, -89.86
 25.82, -89.84
 25.94, -89.78
 26.05, -89.71
 26.08, -89.7
 26.17, -89.66
 26.28, -89.63
 26.41, -89.64
 26.46, -89.66
 26.53, -89.69
 26.65, -89.77
 26.66, -89.78
 26.78, -89.89
 26.79, -89.9
 26.9, -90.02
 26.91, -90.04
 27.0, -90.15
 27.05, -90.21
 27.11, -90.27
 27.18, -90.34
 27.24, -90.4
 27.3, -90.46
 27.37, -90.52
 27.43, -90.58
 27.49, -90.65
 27.56, -90.73
 27.59, -90.77
 27.68, -90.9
 27.69, -90.92
 27.75, -91.03
 27.82, -91.16
 27.83, -91.17
 27.88, -91.29
 27.96, -91.42
 27.96, -91.43
 28.04, -91.55
 28.1, -91.62
 28.14, -91.68
 28.23, -91.79
 28.24, -91.81
 28.33, -91.94
 28.36, -91.98
 28.4, -92.07
 28.48, -92.2
 28.49, -92.23
 28.53, -92.34
 28.56, -92.47
 28.56, -92.61
 28.54, -92.75
 28.53, -92.88
 28.53, -93.02
 28.57, -93.16
 28.65, -93.29
 28.66, -93.3
 28.78, -93.42
 28.78, -93.42
 28.91, -93.51
 28.99, -93.55
 29.03, -93.58
 29.15, -93.67
 29.16, -93.68
 29.19, -93.81
 29.16, -93.87
 29.1, -93.95
 29.04, -94.03
 28.99, -94.1
 28.93, -94.22
 28.93, -94.24
 28.91, -94.37
 28.92, -94.51
 28.92, -94.65
 28.9, -94.79
 28.88, -94.92
 28.85, -95.06
 28.83, -95.13
 28.82, -95.2
 28.79, -95.34
 28.75, -95.48
 28.72, -95.55
 28.7, -95.62
 28.61, -95.75
 28.61, -95.76
 28.49, -95.89
 28.49, -95.9
 28.37, -96.0
 28.29, -96.03
 28.25, -96.05
 28.13, -96.06
 28.02, -96.04
 28.01, -96.04
 27.89, -96.0
 27.77, -95.96
 27.67, -95.91
 27.65, -95.89
 27.53, -95.78
 27.53, -95.78
 27.45, -95.64
 27.4, -95.51
 27.4, -95.51
 27.39, -95.38
 27.37, -95.24
 27.32, -95.11
 27.27, -95.04
 27.21, -94.98
 27.15, -94.93
 27.03, -94.85
 27.02, -94.85
 26.91, -94.74
 26.89, -94.72
 26.9, -94.63
 26.91, -94.58
 27.02, -94.45
 27.02, -94.44
 27.13, -94.33
 27.18, -94.31
 27.25, -94.27
 27.37, -94.24
 27.49, -94.23
 27.61, -94.23
 27.73, -94.23
 27.85, -94.21
 27.97, -94.15
 27.98, -94.14
 28.04, -94.0
 28.04, -93.86
 28.01, -93.73
 27.95, -93.62
 27.93, -93.6
 27.83, -93.47
 27.82, -93.46
 27.7, -93.36
 27.65, -93.34
 27.58, -93.31
 27.46, -93.28
 27.34, -93.26
 27.22, -93.24
 27.17, -93.23
 27.09, -93.21
 26.97, -93.15
 26.9, -93.11
 26.85, -93.07
 26.75, -92.98
 26.73, -92.97
 26.6, -92.87
 26.59, -92.86
 26.51, -92.73
 26.49, -92.6
 26.47, -92.47
 26.46, -92.44
 26.41, -92.34
 26.33, -92.26
 26.28, -92.21
 26.21, -92.18
 26.09, -92.12
 26.04, -92.09
 25.97, -92.06
 25.84, -91.99
 25.82, -91.98
 25.72, -91.9
 25.65, -91.85
 25.59, -91.8
 25.47, -91.74
 25.47, -91.74
 25.35, -91.69
 25.23, -91.66
 25.11, -91.65
End:

Color: 129 182 247 255
Line: 2, 0, "100.0"
 25.91, -90.51
 25.99, -90.58
 26.09, -90.5
 26.02, -90.37
 25.98, -90.34
 25.92, -90.38
 25.91, -90.51
End:

Color: 129 182 247 255
Line: 2, 0, "100.0"
 28.3, -102.58
 28.38, -102.44
 28.38, -102.44
 28.51, -102.42
 28.63, -102.43
 28.65, -102.46
 28.74, -102.59
 28.74, -102.6
 28.77, -102.74
 28.74, -102.88
 28.72, -102.88
 28.71, -102.88
 28.61, -102.8
 28.49, -102.74
 28.46, -102.72
 28.38, -102.63
 28.3, -102.58
End:

Color: 129 182 247 255
Line: 2, 0, "100.0"
 28.92, -100.97
 28.91, -100.83
 28.92, -100.69
 28.94, -100.55
 28.94, -100.55
 29.01, -100.42
 29.06, -100.37
 29.16, -100.29
 29.19, -100.27
 29.31, -100.17
 29.33, -100.16
 29.43, -100.08
 29.55, -100.06
 29.67, -100.06
 29.79, -100.03
 29.79, -100.03
 29.92, -99.95
 29.97, -99.9
 30.04, -99.82
 30.09, -99.76
 30.16, -99.69
 30.22, -99.63
 30.29, -99.56
 30.37, -99.49
 30.41, -99.46
 30.53, -99.36
 30.54, -99.35
 30.65, -99.26
 30.71, -99.22
 30.78, -99.16
 30.87, -99.08
 30.9, -99.05
 31.01, -98.94
 31.02, -98.94
 31.13, -98.8
 31.14, -98.79
 31.22, -98.66
 31.27, -98.57
 31.29, -98.52
 31.37, -98.38
 31.39, -98.35
 31.46, -98.24
 31.51, -98.18
 31.6, -98.1
 31.63, -98.07
 31.75, -98.02
 31.88, -98.0
 32.0, -97.98
 32.08, -97.96
 32.12, -97.95
 32.24, -97.89
 32.35, -97.82
 32.36, -97.82
 32.48, -97.77
 32.6, -97.71
 32.65, -97.68
 32.72, -97.64
 32.84, -97.53
 32.85, -97.53
 32.96, -97.39
 32.97, -97.37
 33.05, -97.24
 33.09, -97.17
 33.15, -97.1
 33.21, -97.02
 33.3, -96.95
 33.33, -96.93
 33.45, -96.87
 33.57, -96.83
 33.68, -96.81
 33.69, -96.8
 33.81, -96.76
 33.93, -96.67
 33.95, -96.66
 34.06, -96.53
 34.07, -96.51
 34.18, -96.36
 34.18, -96.36
 34.29, -96.21
 34.29, -96.21
 34.41, -96.08
 34.43, -96.06
 34.53, -95.96
 34.6, -95.91
 34.65, -95.86
 34.75, -95.76
 34.77, -95.74
 34.87, -95.61
 34.89, -95.58
 34.98, -95.46
 35.01, -95.42
 35.11, -95.31
 35.13, -95.28
 35.23, -95.15
 35.25, -95.12
 35.31, -95.0
 35.37, -94.88
 35.38, -94.85
 35.47, -94.7
 35.48, -94.67
 35.56, -94.54
 35.6, -94.41
 35.6, -94.39
 35.61, -94.24
 35.61, -94.09
 35.67, -93.94
 35.7, -93.92
 35.82, -93.8
 35.84, -93.78
 35.94, -93.72
 36.06, -93.63
 36.08, -93.62
 36.18, -93.54
 36.26, -93.46
 36.3, -93.43
 36.42, -93.32
 36.44, -93.3
 36.53, -93.25
 36.65, -93.19
 36.76, -93.13
 36.77, -93.12
 36.89, -93.09
 36.99, -93.11
 37.02, -93.14
 37.05, -93.26
 37.05, -93.42
 37.03, -93.47
 36.99, -93.57
 36.92, -93.73
 36.92, -93.75
 36.86, -93.88
 36.82, -94.04
 36.81, -94.12
 36.78, -94.19
 36.71, -94.35
 36.69, -94.37
 36.58, -94.5
 36.57, -94.51
 36.46, -94.62
 36.42, -94.66
 36.34, -94.74
 36.26, -94.82
 36.22, -94.87
 36.14, -94.97
 36.1, -95.04
 36.05, -95.13
 35.98, -95.28
 35.98, -95.28
 35.92, -95.43
 35.88, -95.58
 35.87, -95.62
 35.82, -95.73
 35.76, -95.89
 35.75, -95.92
 35.7, -96.04
 35.64, -96.19
 35.63, -96.22
 35.57, -96.34
 35.51, -96.47
 35.5, -96.49
 35.42, -96.64
 35.39, -96.7
 35.34, -96.79
 35.27, -96.88
 35.21, -96.94
 35.15, -97.0
 35.04, -97.09
 35.03, -97.1
 34.91, -97.21
 34.89, -97.24
 34.79, -97.37
 34.77, -97.39
 34.67, -97.51
 34.63, -97.53
 34.55, -97.6
 34.42, -97.67
 34.38, -97.68
 34.3, -97.73
 34.18, -97.79
 34.12, -97.83
 34.06, -97.92
 34.03, -97.97
 34.0, -98.12
 33.96, -98.27
 33.93, -98.32
 33.9, -98.41
 33.82, -98.56
 33.81, -98.57
 33.73, -98.7
 33.69, -98.76
 33.63, -98.85
 33.56, -98.96
 33.55, -98.99
 33.46, -99.13
 33.44, -99.18
 33.39, -99.28
 33.32, -99.42
 33.31, -99.43
 33.23, -99.56
 33.19, -99.64
 33.15, -99.71
 33.07, -99.85
 33.06, -99.88
 33.01, -99.99
 32.96, -100.14
 32.93, -100.26
 32.92, -100.28
 32.84, -100.42
 32.81, -100.48
 32.73, -100.56
 32.68, -100.61
 32.59, -100.7
 32.56, -100.73
 32.44, -100.84
 32.43, -100.84
 32.31, -100.93
 32.26, -100.97
 32.18, -101.03
 32.1, -101.11
 32.06, -101.13
 31.93, -101.22
 31.91, -101.24
 31.81, -101.29
 31.7, -101.37
 31.69, -101.38
 31.56, -101.45
 31.47, -101.5
 31.44, -101.52
 31.32, -101.56
 31.19, -101.62
 31.18, -101.63
 31.07, -101.68
 30.95, -101.75
 30.94, -101.76
 30.82, -101.79
 30.7, -101.84
 30.63, -101.88
 30.58, -101.91
 30.46, -102.01
 30.45, -102.02
 30.33, -102.13
 30.31, -102.15
 30.2, -102.23
 30.14, -102.27
 30.08, -102.3
 29.95, -102.37
 29.89, -102.26
 29.86, -102.12
 29.84, -102.1
 29.73, -101.98
 29.72, -101.97
 29.61, -101.89
 29.54, -101.82
 29.5, -101.78
 29.38, -101.68
 29.38, -101.68
 29.26, -101.57
 29.23, -101.53
 29.15, -101.44
 29.12, -101.39
 29.04, -101.25
 29.04, -101.24
 28.97, -101.11
 28.92, -100.99
 28.92, -100.97
End:

Color: 129 182 247 255
Line: 2, 0, "100.0"
 29.49, -101.41
 29.51, -101.43
 29.57, -101.41
 29.63, -101.38
 29.66, -101.28
 29.64, -101.23
 29.52, -101.14
 29.42, -101.26
 29.49, -101.41
End:

Color: 60 97 147 255
Line: 3, 0, "200.0"
 29.16, -100.7
 29.16, -100.56
 29.18, -100.54
 29.29, -100.43
 29.3, -100.42
 29.42, -100.4
 29.54, -100.41
 29.66, -100.41
 29.78, -100.41
 29.91, -100.4
 30.03, -100.39
 30.14, -100.32
 30.15, -100.32
 30.21, -100.18
 30.27, -100.05
 30.28, -100.03
 30.35, -99.91
 30.4, -99.85
 30.48, -99.77
 30.52, -99.73
 30.64, -99.64
 30.65, -99.63
 30.77, -99.54
 30.82, -99.5
 30.89, -99.46
 31.01, -99.38
 31.03, -99.37
 31.14, -99.28
 31.19, -99.23
 31.26, -99.16
 31.32, -99.09
 31.38, -99.0
 31.41, -98.95
 31.46, -98.81
 31.51, -98.69
 31.52, -98.67
 31.6, -98.53
 31.63, -98.49
 31.75, -98.39
 31.76, -98.39
 31.87, -98.35
 31.99, -98.32
 32.12, -98.3
 32.24, -98.26
 32.25, -98.25
 32.36, -98.17
 32.42, -98.11
 32.48, -98.04
 32.57, -97.97
 32.6, -97.95
 32.72, -97.89
 32.85, -97.84
 32.89, -97.82
 32.97, -97.79
 33.09, -97.72
 33.14, -97.68
 33.21, -97.63
 33.33, -97.55
 33.38, -97.53
 33.45, -97.51
 33.53, -97.53
 33.57, -97.65
 33.58, -97.68
 33.57, -97.7
 33.54, -97.83
 33.48, -97.97
 33.45, -98.03
 33.41, -98.12
 33.36, -98.26
 33.34, -98.41
 33.33, -98.55
 33.33, -98.58
 33.31, -98.7
 33.29, -98.84
 33.27, -98.99
 33.24, -99.13
 33.21, -99.27
 33.19, -99.32
 33.16, -99.42
 33.09, -99.56
 33.07, -99.6
 33.0, -99.7
 32.94, -99.82
 32.92, -99.85
 32.84, -99.99
 32.82, -100.04
 32.75, -100.13
 32.69, -100.2
 32.6, -100.27
 32.57, -100.29
 32.44, -100.36
 32.37, -100.4
 32.32, -100.43
 32.2, -100.48
 32.09, -100.54
 32.08, -100.54
 31.95, -100.63
 31.91, -100.67
 31.83, -100.74
 31.75, -100.81
 31.7, -100.84
 31.58, -100.9
 31.46, -100.89
 31.34, -100.82
 31.28, -100.79
 31.22, -100.76
 31.1, -100.74
 30.98, -100.74
 30.86, -100.71
 30.74, -100.63
 30.73, -100.62
 30.62, -100.55
 30.51, -100.49
 30.39, -100.47
 30.26, -100.48
 30.19, -100.6
 30.19, -100.74
 30.2, -100.88
 30.21, -101.02
 30.21, -101.16
 30.17, -101.3
 30.11, -101.38
 29.99, -101.41
 29.91, -101.29
 29.88, -101.26
 29.82, -101.14
 29.76, -101.07
 29.69, -101.0
 29.65, -100.96
 29.53, -100.89
 29.41, -100.87
 29.29, -100.85
 29.28, -100.84
 29.17, -100.73
 29.16, -100.7
End:

Color: 60 97 147 255
Line: 3, 0, "200.0"
 34.15, -97.09
 34.18, -97.02
 34.21, -96.95
 34.3, -96.8
 34.3, -96.8
 34.4, -96.65
 34.42, -96.62
 34.51, -96.5
 34.54, -96.46
 34.66, -96.4
 34.78, -96.35
 34.78, -96.35
 34.9, -96.3
 35.02, -96.26
 35.15, -96.27
 35.21, -96.34
 35.2, -96.49
 35.15, -96.6
 35.12, -96.64
 35.03, -96.72
 34.93, -96.79
 34.91, -96.8
 34.79, -96.87
 34.7, -96.94
 34.67, -96.98
 34.55, -97.09
 34.54, -97.1
 34.42, -97.15
 34.3, -97.18
 34.18, -97.15
 34.15, -97.09
End:

Color: 60 97 147 255
Line: 3, 0, "200.0"
 35.9, -94.38
 35.87, -94.23
 35.9, -94.08
 35.95, -93.99
 36.04, -93.92
 36.07, -93.91
 36.19, -93.88
 36.31, -93.85
 36.43, -93.83
 36.56, -93.89
 36.56, -93.9
 36.58, -94.05
 36.56, -94.16
 36.56, -94.2
 36.46, -94.36
 36.45, -94.37
 36.33, -94.5
 36.31, -94.51
 36.21, -94.58
 36.09, -94.62
 35.97, -94.53
 35.97, -94.52
 35.9, -94.38
End:

Color: 60 97 147 255
Line: 3, 0, "300.0"
 31.07, -100.07
 31.12, -99.95
 31.13, -99.93
 31.25, -99.85
 31.34, -99.8
 31.37, -99.78
 31.47, -99.8
 31.42, -99.94
 31.36, -100.06
 31.35, -100.08
 31.24, -100.13
 31.12, -100.12
 31.07, -100.07
End:

Color: 60 97 147 255
Line: 3, 0, "300.0"
 31.5, -99.66
 31.62, -99.58
 31.64, -99.52
 31.74, -99.42
 31.76, -99.38
 31.84, -99.24
 31.86, -99.21
 31.96, -99.1
 31.99, -99.08
 32.11, -99.05
 32.23, -99.09
 32.25, -99.11
 32.35, -99.24
 32.36, -99.25
 32.37, -99.4
 32.34, -99.48
 32.33, -99.54
 32.26, -99.68
 32.22, -99.74
 32.13, -99.82
 32.09, -99.84
 31.97, -99.85
 31.85, -99.82
 31.84, -99.81
 31.73, -99.75
 31.61, -99.73
 31.5, -99.66
End:

Title: Effective Storm-Relative Helicity 03Z HRRR | Valid: 05:00Z Tue Apr 13 2021
RefreshSeconds: 60
TimeRange: 2021-04-13T04:45:00Z 2021-04-13T05:15:00Z
Color: 129 182 247 255
Line: 1, 0, "50.0"
 25.27, -96.4
 25.39, -96.35
 25.4, -96.35
 25.51, -96.27
 25.59, -96.21
 25.63, -96.19
 25.74, -96.12
 25.81, -96.08
 25.86, -96.04
 25.97, -95.94
 25.98, -95.93
 26.1, -95.82
 26.12, -95.81
 26.21, -95.74
 26.33, -95.71
 26.37, -95.8
 26.41, -95.93
 26.44, -96.07
 26.43, -96.2
 26.35, -96.33
 26.34, -96.34
 26.22, -96.45
 26.2, -96.47
 26.1, -96.52
 25.99, -96.56
 25.88, -96.61
 25.87, -96.61
 25.75, -96.64
 25.63, -96.7
 25.58, -96.74
 25.51, -96.77
 25.39, -96.83
 25.27, -96.86
End:

Color: 129 182 247 255
Line: 1, 0, "50.0"
 25.1, -91.46
 25.21, -91.41
 25.28, -91.35
 25.32, -91.23
 25.33, -91.22
 25.32, -91.21
 25.2, -91.15
 25.08, -91.15
End:

Color: 129 182 247 255
Line: 1, 0, "50.0"
 25.0, -90.05
 25.12, -90.02
 25.24, -89.97
 25.35, -89.92
 25.47, -89.89
 25.47, -89.89
 25.59, -89.86
 25.7, -89.83
 25.82, -89.75
 25.85, -89.72
 25.92, -89.58
 25.92, -89.57
 25.96, -89.44
 26.02, -89.31
 26.03, -89.3
 26.13, -89.22
 26.25, -89.19
 26.37, -89.18
 26.49, -89.19
 26.61, -89.23
 26.66, -89.24
 26.74, -89.27
 26.86, -89.32
 26.92, -89.35
 26.98, -89.38
 27.11, -89.42
 27.23, -89.44
 27.35, -89.44
 27.36, -89.44
 27.47, -89.48
 27.55, -89.56
 27.6, -89.6
 27.65, -89.68
 27.73, -89.81
 27.74, -89.82
 27.78, -89.94
 27.82, -90.07
 27.85, -90.21
 27.88, -90.34
 27.9, -90.43
 27.91, -90.47
 27.95, -90.61
 27.99, -90.74
 28.05, -90.87
 28.05, -90.88
 28.11, -91.0
 28.17, -91.13
 28.19, -91.17
 28.23, -91.26
 28.29, -91.4
 28.33, -91.48
 28.35, -91.53
 28.43, -91.66
 28.46, -91.71
 28.53, -91.79
 28.59, -91.85
 28.65, -91.92
 28.72, -92.0
 28.76, -92.05
 28.83, -92.18
 28.85, -92.22
 28.89, -92.31
 28.94, -92.45
 28.97, -92.58
 28.98, -92.72
 28.98, -92.86
 28.96, -93.0
 28.96, -93.13
 29.02, -93.27
 29.02, -93.27
 29.14, -93.37
 29.21, -93.4
 29.26, -93.42
 29.38, -93.43
 29.51, -93.44
 29.63, -93.48
 29.65, -93.51
 29.73, -93.65
 29.76, -93.69
 29.78, -93.78
 29.8, -93.92
 29.82, -94.06
 29.82, -94.2
 29.83, -94.34
 29.84, -94.48
 29.85, -94.62
 29.86, -94.75
 29.88, -94.89
 29.9, -95.03
 29.9, -95.17
 29.88, -95.31
 29.87, -95.45
 29.85, -95.59
 29.81, -95.7
 29.79, -95.73
 29.69, -95.79
 29.57, -95.8
 29.45, -95.77
 29.33, -95.76
 29.21, -95.81
 29.15, -95.88
 29.09, -95.94
 29.02, -96.02
 28.97, -96.07
 28.88, -96.16
 28.85, -96.18
 28.77, -96.3
 28.74, -96.35
 28.68, -96.44
 28.62, -96.55
 28.6, -96.57
 28.51, -96.71
 28.5, -96.73
 28.4, -96.85
 28.38, -96.87
 28.26, -96.98
 28.26, -96.99
 28.14, -97.09
 28.1, -97.12
 28.02, -97.18
 27.9, -97.25
 27.88, -97.26
 27.78, -97.31
 27.66, -97.34
 27.54, -97.3
 27.5, -97.26
 27.42, -97.18
 27.4, -97.13
 27.33, -96.99
 27.3, -96.92
 27.28, -96.86
 27.27, -96.72
 27.29, -96.59
 27.3, -96.54
 27.31, -96.45
 27.33, -96.32
 27.32, -96.19
 27.29, -96.09
 27.28, -96.05
 27.23, -95.92
 27.19, -95.78
 27.17, -95.67
 27.16, -95.65
 27.13, -95.52
 27.07, -95.38
 27.04, -95.36
 26.92, -95.35
 26.84, -95.39
 26.8, -95.41
 26.69, -95.48
 26.57, -95.52
 26.47, -95.53
 26.45, -95.54
 26.44, -95.53
 26.42, -95.4
 26.43, -95.27
 26.44, -95.2
 26.46, -95.13
 26.49, -95.0
 26.51, -94.86
 26.54, -94.73
 26.55, -94.68
 26.59, -94.6
 26.65, -94.46
 26.66, -94.43
 26.71, -94.32
 26.71, -94.19
 26.66, -94.06
 26.65, -94.03
 26.59, -93.93
 26.52, -93.82
 26.51, -93.8
 26.42, -93.67
 26.39, -93.63
 26.33, -93.54
 26.27, -93.46
 26.22, -93.41
 26.14, -93.35
 26.06, -93.29
 26.02, -93.26
 25.9, -93.2
 25.82, -93.17
 25.78, -93.15
 25.66, -93.11
 25.54, -93.06
 25.52, -93.05
 25.41, -92.97
 25.35, -92.93
 25.29, -92.87
 25.17, -92.81
End:

Color: 129 182 247 255
Line: 1, 0, "50.0"
 36.89, -69.39
 36.92, -69.54
 36.93, -69.69
 36.91, -69.7
 36.83, -69.79
 36.79, -69.75
 36.69, -69.63
 36.64, -69.53
 36.62, -69.5
End:

Color: 129 182 247 255
Line: 1, 0, "50.0"
 27.89, -102.28
 27.91, -102.25
 28.03, -102.24
 28.15, -102.24
 28.27, -102.23
 28.4, -102.2
 28.44, -102.17
 28.52, -102.14
 28.64, -102.05
 28.65, -102.05
 28.77, -101.98
 28.89, -101.94
 29.01, -101.95
 29.04, -101.93
 29.07, -101.8
 29.04, -101.66
 29.02, -101.63
 28.96, -101.52
 28.91, -101.44
 28.86, -101.37
 28.79, -101.3
 28.75, -101.23
 28.74, -101.1
 28.78, -100.96
 28.81, -100.85
 28.81, -100.82
 28.85, -100.69
 28.91, -100.55
 28.94, -100.52
 29.05, -100.42
 29.06, -100.41
 29.18, -100.29
 29.19, -100.29
 29.27, -100.15
 29.31, -100.05
 29.36, -100.02
 29.43, -99.95
 29.56, -99.92
 29.68, -99.9
 29.71, -99.89
 29.8, -99.84
 29.91, -99.76
 29.92, -99.75
 30.04, -99.66
 30.09, -99.62
 30.17, -99.56
 30.25, -99.49
 30.29, -99.45
 30.41, -99.35
 30.41, -99.35
 30.53, -99.23
 30.55, -99.21
 30.66, -99.1
 30.68, -99.08
 30.78, -98.95
 30.79, -98.94
 30.9, -98.81
 30.91, -98.8
 31.02, -98.66
 31.02, -98.65
 31.1, -98.52
 31.15, -98.42
 31.17, -98.38
 31.24, -98.24
 31.27, -98.2
 31.37, -98.1
 31.39, -98.08
 31.51, -97.98
 31.54, -97.96
 31.63, -97.82
 31.63, -97.8
 31.65, -97.68
 31.63, -97.65
 31.6, -97.53
 31.58, -97.39
 31.63, -97.35
 31.76, -97.39
 31.76, -97.39
 31.85, -97.53
 31.88, -97.62
 31.89, -97.68
 32.0, -97.8
 32.02, -97.82
 32.12, -97.85
 32.24, -97.87
 32.36, -97.86
 32.48, -97.82
 32.48, -97.82
 32.6, -97.77
 32.71, -97.68
 32.72, -97.67
 32.85, -97.55
 32.86, -97.53
 32.97, -97.39
 32.97, -97.39
 33.06, -97.24
 33.09, -97.17
 33.13, -97.1
 33.19, -96.95
 33.21, -96.89
 33.26, -96.81
 33.33, -96.72
 33.4, -96.66
 33.45, -96.64
 33.57, -96.59
 33.69, -96.55
 33.77, -96.51
 33.81, -96.49
 33.93, -96.42
 34.01, -96.36
 34.05, -96.34
 34.17, -96.26
 34.23, -96.21
 34.29, -96.18
 34.41, -96.06
 34.42, -96.06
 34.53, -95.92
 34.54, -95.91
 34.65, -95.76
 34.65, -95.75
 34.77, -95.61
 34.77, -95.6
 34.89, -95.47
 34.9, -95.46
 35.01, -95.33
 35.03, -95.31
 35.13, -95.19
 35.16, -95.15
 35.25, -95.04
 35.27, -95.0
 35.35, -94.85
 35.36, -94.82
 35.43, -94.7
 35.48, -94.55
 35.48, -94.55
 35.54, -94.4
 35.56, -94.24
 35.57, -94.09
 35.59, -94.05
 35.67, -93.94
 35.7, -93.91
 35.82, -93.81
 35.84, -93.78
 35.94, -93.65
 35.96, -93.63
 36.05, -93.47
 36.05, -93.46
 36.15, -93.31
 36.17, -93.29
 36.27, -93.16
 36.29, -93.14
 36.4, -93.02
 36.43, -92.99
 36.52, -92.93
 36.64, -92.86
 36.73, -92.82
 36.76, -92.81
 36.88, -92.78
 37.0, -92.74
 37.12, -92.69
 37.24, -92.72
 37.35, -92.78
 37.37, -92.8
 37.46, -92.93
 37.5, -93.08
 37.49, -93.24
 37.47, -93.39
 37.44, -93.55
 37.41, -93.7
 37.4, -93.71
 37.33, -93.86
 37.29, -93.93
 37.22, -94.02
 37.17, -94.08
 37.09, -94.18
 37.05, -94.2
 36.93, -94.3
 36.9, -94.34
 36.81, -94.4
 36.72, -94.5
 36.7, -94.52
 36.58, -94.65
 36.58, -94.66
 36.46, -94.8
 36.45, -94.81
 36.34, -94.95
 36.33, -94.97
 36.23, -95.12
 36.22, -95.13
 36.15, -95.27
 36.12, -95.43
 36.11, -95.47
 36.06, -95.58
 36.0, -95.73
 35.99, -95.75
 35.92, -95.88
 35.87, -95.99
 35.85, -96.03
 35.78, -96.19
 35.75, -96.24
 35.7, -96.34
 35.64, -96.48
 35.63, -96.49
 35.55, -96.64
 35.52, -96.69
 35.45, -96.79
 35.39, -96.86
 35.32, -96.94
 35.27, -96.99
 35.17, -97.09
 35.15, -97.11
 35.03, -97.22
 35.0, -97.24
 34.91, -97.34
 34.87, -97.39
 34.79, -97.52
 34.78, -97.53
 34.67, -97.68
 34.67, -97.69
 34.55, -97.83
 34.54, -97.84
 34.43, -97.98
 34.42, -97.98
 34.32, -98.12
 34.3, -98.15
 34.21, -98.27
 34.18, -98.32
 34.12, -98.41
 34.05, -98.51
 34.02, -98.56
 33.93, -98.7
 33.93, -98.71
 33.82, -98.85
 33.81, -98.87
 33.72, -98.99
 33.68, -99.05
 33.63, -99.14
 33.56, -99.28
 33.56, -99.28
 33.48, -99.43
 33.43, -99.5
 33.4, -99.57
 33.31, -99.71
 33.31, -99.72
 33.23, -99.85
 33.18, -99.97
 33.17, -100.0
 33.11, -100.14
 33.06, -100.28
 33.05, -100.31
 32.98, -100.43
 32.93, -100.52
 32.89, -100.57
 32.8, -100.68
 32.77, -100.71
 32.67, -100.81
 32.63, -100.84
 32.55, -100.91
 32.47, -100.98
 32.43, -101.01
 32.3, -101.12
 32.3, -101.12
 32.18, -101.2
 32.11, -101.25
 32.05, -101.28
 31.93, -101.36
 31.9, -101.38
 31.8, -101.45
 31.73, -101.52
 31.68, -101.56
 31.57, -101.65
 31.55, -101.67
 31.43, -101.74
 31.36, -101.78
 31.31, -101.81
 31.18, -101.87
 31.12, -101.91
 31.06, -101.95
 30.93, -102.03
 30.92, -102.04
 30.81, -102.1
 30.71, -102.17
 30.69, -102.18
 30.56, -102.24
 30.49, -102.3
 30.44, -102.33
 30.35, -102.43
 30.31, -102.47
 30.24, -102.56
 30.18, -102.62
 30.13, -102.69
 30.06, -102.76
 29.99, -102.82
 29.93, -102.86
 29.81, -102.93
 29.75, -102.95
 29.68, -102.96
 29.56, -102.98
 29.44, -103.0
 29.35, -103.06
 29.32, -103.07
 29.19, -103.18
 29.19, -103.19
 29.07, -103.31
 29.06, -103.34
 28.96, -103.44
 28.93, -103.48
 28.86, -103.44
 28.82, -103.41
 28.75, -103.29
 28.7, -103.24
 28.62, -103.14
 28.59, -103.1
 28.5, -103.0
 28.5, -102.86
 28.58, -102.73
 28.59, -102.59
 28.5, -102.52
 28.41, -102.58
 28.38, -102.63
 28.31, -102.71
 28.25, -102.73
 28.22, -102.71
 28.13, -102.65
 28.05, -102.56
 28.02, -102.52
 27.91, -102.42
 27.91, -102.38
 27.89, -102.28
End:

Color: 129 182 247 255
Line: 1, 0, "50.0"
 28.97, -102.62
 28.98, -102.64
 29.02, -102.76
 29.09, -102.86
 29.21, -102.88
 29.33, -102.8
 29.34, -102.78
 29.39, -102.65
 29.4, -102.51
 29.37, -102.37
 29.35, -102.3
 29.3, -102.22
 29.24, -102.12
 29.16, -102.08
 29.13, -102.02
 29.1, -102.08
 29.05, -102.21
 29.0, -102.34
 28.99, -102.37
 28.96, -102.48
 28.97, -102.62
End:

Color: 129 182 247 255
Line: 1, 0, "50.0"
 33.07, -77.4
 33.08, -77.4
 33.09, -77.4
 33.08, -77.41
 33.07, -77.4
End:

Color: 129 182 247 255
Line: 1, 0, "50.0"
 33.16, -77.23
 33.17, -77.22
 33.28, -77.16
 33.3, -77.19
 33.29, -77.2
 33.17, -77.25
 33.16, -77.23
End:

Color: 129 182 247 255
Line: 2, 0, "100.0"
 25.03, -90.39
 25.15, -90.39
 25.27, -90.38
 25.38, -90.35
 25.5, -90.28
 25.5, -90.28
 25.61, -90.24
 25.73, -90.21
 25.85, -90.16
 25.88, -90.12
 25.96, -90.06
 26.02, -89.97
 26.07, -89.92
 26.15, -89.82
 26.18, -89.8
 26.29, -89.72
 26.41, -89.69
 26.53, -89.71
 26.65, -89.75
 26.7, -89.77
 26.78, -89.82
 26.86, -89.89
 26.91, -89.93
 26.98, -90.02
 27.04, -90.08
 27.09, -90.14
 27.17, -90.24
 27.2, -90.27
 27.3, -90.37
 27.31, -90.39
 27.43, -90.5
 27.44, -90.51
 27.55, -90.63
 27.56, -90.64
 27.65, -90.77
 27.69, -90.8
 27.74, -90.9
 27.82, -90.98
 27.84, -91.02
 27.93, -91.15
 27.95, -91.18
 28.0, -91.28
 28.08, -91.41
 28.08, -91.42
 28.14, -91.54
 28.22, -91.68
 28.22, -91.68
 28.3, -91.81
 28.35, -91.87
 28.41, -91.93
 28.48, -92.0
 28.54, -92.06
 28.6, -92.13
 28.65, -92.19
 28.72, -92.33
 28.74, -92.36
 28.77, -92.46
 28.8, -92.59
 28.81, -92.73
 28.79, -92.87
 28.77, -93.01
 28.76, -93.01
 28.75, -93.15
 28.77, -93.28
 28.78, -93.31
 28.81, -93.42
 28.91, -93.55
 28.91, -93.55
 29.03, -93.66
 29.07, -93.68
 29.16, -93.76
 29.24, -93.81
 29.16, -93.95
 29.16, -93.95
 29.04, -94.0
 28.93, -94.09
 28.92, -94.1
 28.87, -94.24
 28.87, -94.38
 28.88, -94.51
 28.89, -94.65
 28.88, -94.79
 28.87, -94.93
 28.85, -95.06
 28.84, -95.18
 28.83, -95.2
 28.82, -95.34
 28.79, -95.48
 28.74, -95.61
 28.72, -95.64
 28.66, -95.75
 28.61, -95.83
 28.56, -95.89
 28.49, -95.97
 28.42, -96.03
 28.37, -96.07
 28.25, -96.13
 28.13, -96.14
 28.01, -96.1
 27.94, -96.04
 27.89, -96.0
 27.79, -95.91
 27.77, -95.89
 27.66, -95.77
 27.65, -95.77
 27.55, -95.64
 27.52, -95.58
 27.5, -95.51
 27.47, -95.37
 27.43, -95.24
 27.4, -95.17
 27.36, -95.11
 27.27, -95.05
 27.15, -94.99
 27.12, -94.98
 27.03, -94.94
 26.91, -94.87
 26.89, -94.85
 26.91, -94.8
 26.94, -94.72
 27.02, -94.63
 27.07, -94.58
 27.14, -94.51
 27.23, -94.44
 27.26, -94.41
 27.37, -94.35
 27.49, -94.34
 27.61, -94.33
 27.73, -94.31
 27.85, -94.28
 27.85, -94.28
 27.97, -94.22
 28.07, -94.13
 28.09, -94.1
 28.12, -94.0
 28.13, -93.86
 28.1, -93.73
 28.07, -93.69
 28.0, -93.59
 27.95, -93.52
 27.89, -93.46
 27.82, -93.38
 27.76, -93.33
 27.7, -93.28
 27.58, -93.25
 27.45, -93.23
 27.39, -93.22
 27.33, -93.2
 27.21, -93.14
 27.12, -93.1
 27.09, -93.07
 26.97, -92.97
 26.96, -92.96
 26.92, -92.84
 26.96, -92.79
 27.01, -92.7
 27.07, -92.61
 27.09, -92.56
 27.11, -92.43
 27.07, -92.29
 27.05, -92.25
 27.0, -92.16
 26.92, -92.08
 26.88, -92.04
 26.8, -91.98
 26.67, -91.92
 26.67, -91.92
 26.55, -91.88
 26.43, -91.87
 26.31, -91.88
 26.19, -91.89
 26.07, -91.88
 26.0, -91.83
 25.95, -91.8
 25.84, -91.71
 25.83, -91.69
 25.71, -91.59
 25.72, -91.45
 25.75, -91.32
 25.75, -91.19
 25.72, -91.06
 25.66, -90.96
 25.64, -90.93
 25.53, -90.82
 25.49, -90.81
 25.41, -90.78
 25.29, -90.81
 25.24, -90.83
 25.18, -90.85
 25.06, -90.87
End:

Color: 129 182 247 255
Line: 2, 0, "100.0"
 25.88, -90.65
 25.88, -90.66
 25.91, -90.78
 25.97, -90.9
 26.02, -90.97
 26.09, -91.03
 26.15, -91.07
 26.27, -91.12
 26.39, -91.12
 26.5, -91.0
 26.5, -90.99
 26.53, -90.86
 26.53, -90.73
 26.5, -90.59
 26.47, -90.55
 26.42, -90.47
 26.34, -90.38
 26.27, -90.35
 26.22, -90.31
 26.09, -90.29
 25.98, -90.32
 25.93, -90.38
 25.88, -90.51
 25.88, -90.61
 25.88, -90.65
End:

Color: 129 182 247 255
Line: 2, 0, "100.0"
 28.86, -101.1
 28.85, -100.96
 28.87, -100.83
 28.9, -100.69
 28.94, -100.6
 28.97, -100.56
 29.06, -100.48
 29.13, -100.42
 29.18, -100.37
 29.25, -100.29
 29.31, -100.2
 29.36, -100.16
 29.43, -100.1
 29.55, -100.09
 29.67, -100.09
 29.79, -100.06
 29.85, -100.03
 29.92, -99.99
 30.03, -99.9
 30.04, -99.89
 30.16, -99.78
 30.18, -99.76
 30.28, -99.67
 30.33, -99.63
 30.41, -99.56
 30.49, -99.49
 30.53, -99.46
 30.65, -99.36
 30.65, -99.35
 30.77, -99.25
 30.81, -99.22
 30.9, -99.14
 30.95, -99.08
 31.02, -98.99
 31.05, -98.94
 31.14, -98.8
 31.14, -98.79
 31.21, -98.66
 31.27, -98.56
 31.29, -98.52
 31.38, -98.38
 31.39, -98.37
 31.51, -98.25
 31.52, -98.24
 31.63, -98.16
 31.74, -98.1
 31.75, -98.1
 31.88, -98.06
 32.0, -98.06
 32.12, -98.05
 32.24, -98.02
 32.36, -97.97
 32.37, -97.96
 32.48, -97.91
 32.6, -97.83
 32.62, -97.82
 32.72, -97.74
 32.79, -97.68
 32.85, -97.63
 32.93, -97.53
 32.97, -97.49
 33.05, -97.39
 33.09, -97.33
 33.16, -97.24
 33.21, -97.14
 33.25, -97.1
 33.33, -96.98
 33.36, -96.95
 33.45, -96.88
 33.57, -96.83
 33.67, -96.81
 33.69, -96.8
 33.81, -96.76
 33.93, -96.67
 33.95, -96.66
 34.06, -96.55
 34.09, -96.51
 34.18, -96.43
 34.24, -96.36
 34.3, -96.31
 34.4, -96.21
 34.42, -96.2
 34.53, -96.06
 34.54, -96.06
 34.64, -95.91
 34.66, -95.89
 34.75, -95.76
 34.77, -95.73
 34.88, -95.61
 34.89, -95.59
 35.01, -95.47
 35.04, -95.46
 35.13, -95.38
 35.25, -95.3
 35.25, -95.3
 35.37, -95.21
 35.41, -95.15
 35.44, -95.0
 35.48, -94.85
 35.49, -94.82
 35.54, -94.69
 35.6, -94.55
 35.61, -94.54
 35.67, -94.39
 35.7, -94.24
 35.71, -94.2
 35.75, -94.09
 35.83, -93.97
 35.85, -93.93
 35.94, -93.78
 35.94, -93.78
 36.04, -93.62
 36.06, -93.58
 36.13, -93.47
 36.17, -93.4
 36.24, -93.31
 36.29, -93.24
 36.36, -93.15
 36.41, -93.11
 36.52, -93.0
 36.54, -92.99
 36.64, -92.94
 36.76, -92.91
 36.89, -92.89
 37.01, -92.87
 37.13, -92.87
 37.25, -92.92
 37.27, -92.94
 37.34, -93.09
 37.35, -93.24
 37.35, -93.4
 37.33, -93.55
 37.28, -93.71
 37.28, -93.71
 37.18, -93.87
 37.17, -93.89
 37.07, -94.02
 37.05, -94.05
 36.93, -94.18
 36.93, -94.18
 36.81, -94.29
 36.77, -94.34
 36.69, -94.42
 36.63, -94.5
 36.58, -94.56
 36.49, -94.66
 36.46, -94.7
 36.36, -94.81
 36.34, -94.84
 36.23, -94.97
 36.22, -94.98
 36.12, -95.12
 36.1, -95.18
 36.06, -95.28
 36.02, -95.43
 35.99, -95.57
 35.98, -95.58
 35.91, -95.73
 35.87, -95.84
 35.85, -95.88
 35.78, -96.04
 35.75, -96.09
 35.7, -96.19
 35.63, -96.34
 35.63, -96.34
 35.55, -96.49
 35.51, -96.56
 35.46, -96.64
 35.39, -96.74
 35.35, -96.79
 35.27, -96.87
 35.2, -96.94
 35.15, -96.98
 35.03, -97.07
 34.99, -97.09
 34.91, -97.15
 34.81, -97.24
 34.79, -97.26
 34.67, -97.39
 34.67, -97.39
 34.55, -97.49
 34.43, -97.53
 34.42, -97.54
 34.3, -97.58
 34.18, -97.66
 34.17, -97.68
 34.08, -97.83
 34.06, -97.93
 34.05, -97.97
 34.04, -98.12
 34.02, -98.27
 33.97, -98.41
 33.93, -98.5
 33.91, -98.56
 33.83, -98.7
 33.81, -98.73
 33.74, -98.85
 33.69, -98.94
 33.65, -98.99
 33.58, -99.14
 33.56, -99.17
 33.5, -99.28
 33.44, -99.42
 33.43, -99.42
 33.35, -99.57
 33.31, -99.64
 33.26, -99.71
 33.19, -99.85
 33.18, -99.87
 33.12, -100.0
 33.07, -100.14
 33.06, -100.18
 33.0, -100.28
 32.93, -100.42
 32.92, -100.42
 32.81, -100.56
 32.8, -100.57
 32.68, -100.7
 32.68, -100.71
 32.55, -100.82
 32.53, -100.84
 32.43, -100.91
 32.35, -100.98
 32.3, -101.01
 32.19, -101.11
 32.18, -101.12
 32.06, -101.2
 32.0, -101.25
 31.93, -101.28
 31.81, -101.38
 31.81, -101.38
 31.68, -101.48
 31.64, -101.51
 31.56, -101.57
 31.46, -101.65
 31.43, -101.66
 31.31, -101.71
 31.21, -101.77
 31.19, -101.78
 31.06, -101.83
 30.94, -101.9
 30.94, -101.9
 30.82, -101.92
 30.7, -101.9
 30.67, -101.89
 30.64, -101.74
 30.6, -101.6
 30.59, -101.6
 30.59, -101.6
 30.46, -101.72
 30.45, -101.73
 30.34, -101.83
 30.31, -101.87
 30.21, -101.96
 30.18, -102.0
 30.12, -102.13
 30.13, -102.27
 30.16, -102.42
 30.13, -102.55
 30.06, -102.68
 30.06, -102.69
 29.93, -102.81
 29.92, -102.82
 29.81, -102.86
 29.69, -102.88
 29.57, -102.85
 29.54, -102.79
 29.56, -102.66
 29.58, -102.52
 29.59, -102.38
 29.57, -102.24
 29.53, -102.1
 29.49, -102.0
 29.47, -101.96
 29.4, -101.82
 29.38, -101.79
 29.3, -101.67
 29.26, -101.63
 29.19, -101.53
 29.15, -101.48
 29.07, -101.39
 29.03, -101.34
 28.94, -101.24
 28.92, -101.21
 28.86, -101.1
End:

Color: 60 97 147 255
Line: 3, 0, "200.0"
 29.13, -100.97
 29.07, -100.83
 29.08, -100.7
 29.18, -100.57
 29.18, -100.56
 29.3, -100.46
 29.36, -100.43
 29.42, -100.4
 29.54, -100.4
 29.66, -100.43
 29.78, -100.43
 29.9, -100.41
 30.03, -100.37
 30.12, -100.32
 30.15, -100.3
 30.25, -100.19
 30.27, -100.16
 30.36, -100.05
 30.4, -100.01
 30.5, -99.91
 30.52, -99.9
 30.64, -99.8
 30.67, -99.78
 30.77, -99.7
 30.85, -99.64
 30.89, -99.62
 31.01, -99.56
 31.13, -99.51
 31.13, -99.51
 31.26, -99.4
 31.28, -99.37
 31.35, -99.23
 31.38, -99.16
 31.4, -99.09
 31.44, -98.95
 31.48, -98.81
 31.51, -98.74
 31.54, -98.67
 31.63, -98.56
 31.67, -98.53
 31.75, -98.47
 31.87, -98.44
 31.99, -98.44
 32.11, -98.46
 32.24, -98.46
 32.32, -98.39
 32.36, -98.37
 32.46, -98.25
 32.48, -98.23
 32.58, -98.11
 32.6, -98.09
 32.72, -97.97
 32.72, -97.96
 32.85, -97.85
 32.87, -97.82
 32.97, -97.74
 33.04, -97.68
 33.09, -97.63
 33.21, -97.55
 33.23, -97.53
 33.33, -97.48
 33.45, -97.45
 33.57, -97.49
 33.59, -97.53
 33.6, -97.68
 33.57, -97.77
 33.56, -97.83
 33.5, -97.97
 33.45, -98.1
 33.44, -98.12
 33.41, -98.26
 33.39, -98.41
 33.39, -98.55
 33.41, -98.7
 33.42, -98.84
 33.41, -98.99
 33.38, -99.13
 33.34, -99.28
 33.32, -99.35
 33.29, -99.42
 33.22, -99.56
 33.19, -99.62
 33.14, -99.71
 33.07, -99.85
 33.06, -99.86
 32.99, -99.99
 32.94, -100.1
 32.91, -100.13
 32.81, -100.27
 32.8, -100.27
 32.69, -100.37
 32.64, -100.41
 32.56, -100.47
 32.46, -100.55
 32.44, -100.56
 32.32, -100.62
 32.2, -100.68
 32.19, -100.68
 32.07, -100.79
 32.04, -100.82
 31.94, -100.92
 31.9, -100.96
 31.82, -101.01
 31.7, -101.07
 31.63, -101.09
 31.58, -101.1
 31.55, -101.08
 31.46, -101.04
 31.36, -100.93
 31.34, -100.92
 31.22, -100.83
 31.1, -100.79
 31.06, -100.78
 30.98, -100.76
 30.86, -100.71
 30.74, -100.67
 30.62, -100.66
 30.5, -100.7
 30.46, -100.75
 30.4, -100.89
 30.37, -101.02
 30.37, -101.03
 30.33, -101.17
 30.28, -101.3
 30.24, -101.38
 30.19, -101.44
 30.11, -101.52
 30.03, -101.57
 29.99, -101.6
 29.86, -101.62
 29.75, -101.57
 29.73, -101.56
 29.63, -101.48
 29.54, -101.41
 29.51, -101.39
 29.39, -101.31
 29.35, -101.26
 29.28, -101.19
 29.22, -101.12
 29.16, -101.03
 29.13, -100.97
End:

Color: 60 97 147 255
Line: 3, 0, "200.0"
 34.75, -96.65
 34.75, -96.5
 34.78, -96.42
 34.81, -96.35
 34.9, -96.23
 34.94, -96.2
 35.02, -96.13
 35.14, -96.1
 35.27, -96.12
 35.34, -96.19
 35.34, -96.34
 35.28, -96.49
 35.27, -96.51
 35.17, -96.64
 35.15, -96.66
 35.03, -96.74
 34.91, -96.76
 34.79, -96.7
 34.75, -96.65
End:

Color: 60 97 147 255
Line: 3, 0, "200.0"
 36.07, -94.52
 36.03, -94.37
 36.02, -94.22
 36.04, -94.07
 36.07, -93.97
 36.09, -93.92
 36.16, -93.77
 36.19, -93.72
 36.26, -93.61
 36.3, -93.54
 36.36, -93.45
 36.42, -93.37
 36.47, -93.3
 36.53, -93.23
 36.65, -93.16
 36.78, -93.21
 36.83, -93.28
 36.85, -93.43
 36.83, -93.58
 36.79, -93.71
 36.79, -93.73
 36.73, -93.89
 36.68, -93.99
 36.66, -94.04
 36.58, -94.2
 36.57, -94.22
 36.48, -94.36
 36.45, -94.4
 36.34, -94.51
 36.33, -94.52
 36.21, -94.59
 36.09, -94.56
 36.07, -94.52
End:

Color: 60 97 147 255
Line: 3, 0, "300.0"
 29.72, -101.0
 29.77, -100.96
 29.89, -100.91
 30.0, -101.01
 29.88, -101.08
 29.77, -101.03
 29.72, -101.0
End:

Color: 60 97 147 255
Line: 3, 0, "300.0"
 31.97, -99.96
 31.9, -99.81
 31.89, -99.67
 31.92, -99.53
 31.98, -99.39
 31.98, -99.39
 32.1, -99.29
 32.23, -99.31
 32.33, -99.4
 32.34, -99.42
 32.39, -99.54
 32.38, -99.69
 32.34, -99.8
 32.33, -99.83
 32.23, -99.97
 32.21, -99.98
 32.09, -100.01
 31.97, -99.96
 31.97, -99.96
End:

