Title: Significant Tornado (Effective) 20Z HRRR | Valid: 21:00Z Sun Apr 11 2021
RefreshSeconds: 60
TimeRange: 2021-04-11T20:45:00Z 2021-04-11T21:15:00Z
Color: 236 144 74 255
Line: 1, 0, "0.25"
 25.24, -100.17
 25.36, -100.2
 25.48, -100.28
 25.49, -100.3
 25.49, -100.43
 25.47, -100.45
 25.35, -100.49
 25.23, -100.49
End:

Color: 236 144 74 255
Line: 1, 0, "0.25"
 23.38, -77.97
 23.46, -77.98
 23.5, -77.98
 23.63, -78.04
 23.66, -78.06
 23.77, -78.15
 23.79, -78.17
 23.91, -78.27
 23.92, -78.28
 24.03, -78.37
 24.06, -78.4
 24.16, -78.48
 24.2, -78.51
 24.29, -78.58
 24.35, -78.64
 24.4, -78.69
 24.5, -78.78
 24.51, -78.79
 24.63, -78.86
 24.73, -78.88
 24.76, -78.88
 24.87, -78.85
 24.88, -78.84
 24.98, -78.77
 25.08, -78.67
 25.08, -78.66
 25.18, -78.53
 25.19, -78.5
 25.26, -78.35
 25.21, -78.23
 25.11, -78.18
 25.04, -78.14
 24.97, -78.11
 24.85, -78.05
 24.84, -78.04
 24.7, -77.96
 24.69, -77.95
 24.56, -77.87
 24.53, -77.86
 24.43, -77.81
 24.33, -77.77
 24.3, -77.76
 24.17, -77.7
 24.14, -77.69
 24.05, -77.58
 24.04, -77.44
 24.09, -77.32
 24.1, -77.3
 24.18, -77.19
 24.26, -77.13
 24.29, -77.1
 24.39, -77.02
 24.5, -76.96
 24.59, -76.91
 24.61, -76.9
 24.72, -76.83
 24.83, -76.77
 24.94, -76.71
 25.01, -76.67
 25.04, -76.65
 25.15, -76.59
 25.27, -76.54
 25.38, -76.5
 25.49, -76.47
 25.61, -76.44
 25.73, -76.42
 25.85, -76.4
 25.96, -76.38
 26.08, -76.37
 26.2, -76.35
 26.29, -76.34
 26.32, -76.34
 26.44, -76.31
 26.55, -76.28
 26.58, -76.27
 26.66, -76.19
 26.7, -76.09
 26.74, -75.98
 26.74, -75.95
 26.78, -75.8
 26.81, -75.73
 26.85, -75.64
 26.9, -75.59
 27.0, -75.5
 27.11, -75.45
 27.23, -75.41
 27.35, -75.39
 27.47, -75.37
 27.58, -75.33
 27.65, -75.29
 27.68, -75.22
 27.71, -75.13
 27.64, -75.01
 27.63, -75.01
 27.5, -74.94
 27.46, -74.92
 27.35, -74.86
 27.31, -74.82
 27.24, -74.7
 27.29, -74.59
 27.33, -74.54
 27.4, -74.5
 27.5, -74.43
 27.61, -74.37
 27.73, -74.32
 27.84, -74.27
 27.92, -74.23
 27.95, -74.22
 28.06, -74.14
 28.16, -74.03
 28.17, -74.02
 28.25, -73.91
 28.29, -73.84
 28.34, -73.77
 28.44, -73.65
 28.44, -73.65
 28.54, -73.55
 28.64, -73.45
 28.64, -73.45
 28.74, -73.34
 28.82, -73.26
 28.84, -73.23
 28.94, -73.12
 29.0, -73.06
 29.04, -73.02
 29.14, -72.92
 29.21, -72.85
 29.24, -72.82
 29.34, -72.72
 29.4, -72.64
 29.44, -72.61
 29.53, -72.48
 29.55, -72.45
 29.62, -72.35
 29.68, -72.27
 29.71, -72.2
 29.77, -72.1
 29.79, -72.01
 29.81, -71.94
End:

Color: 236 144 74 255
Line: 1, 0, "0.25"
 36.34, -69.61
 36.42, -69.74
 36.44, -69.76
 36.53, -69.85
 36.61, -69.91
 36.67, -69.96
 36.76, -70.03
 36.81, -70.06
 36.91, -70.13
 36.96, -70.16
 37.07, -70.24
 37.1, -70.27
 37.21, -70.39
 37.24, -70.44
 37.29, -70.52
 37.37, -70.65
 37.44, -70.78
 37.46, -70.8
 37.52, -70.91
 37.61, -71.03
 37.65, -71.08
 37.71, -71.16
 37.8, -71.29
 37.84, -71.34
 37.89, -71.42
 37.95, -71.55
 37.95, -71.71
 37.93, -71.75
 37.82, -71.81
 37.69, -71.81
 37.69, -71.81
 37.55, -71.75
 37.5, -71.72
 37.4, -71.66
 37.34, -71.62
 37.26, -71.58
 37.12, -71.55
 37.09, -71.55
 37.0, -71.55
 36.88, -71.6
 36.81, -71.65
 36.77, -71.67
 36.67, -71.78
 36.58, -71.89
 36.57, -71.9
 36.47, -72.01
 36.37, -72.11
 36.25, -72.16
 36.13, -72.18
 36.0, -72.17
 35.88, -72.18
 35.76, -72.22
 35.64, -72.27
 35.53, -72.32
 35.42, -72.37
 35.3, -72.41
 35.18, -72.46
 35.07, -72.52
 34.97, -72.6
 34.96, -72.61
 34.86, -72.71
 34.76, -72.82
 34.75, -72.83
 34.66, -72.93
 34.55, -73.02
 34.47, -73.08
 34.44, -73.09
 34.33, -73.15
 34.21, -73.19
 34.1, -73.23
 33.98, -73.27
 33.87, -73.33
 33.76, -73.4
 33.65, -73.48
 33.63, -73.5
 33.55, -73.57
 33.44, -73.66
 33.33, -73.73
 33.28, -73.76
 33.22, -73.8
 33.1, -73.85
 32.99, -73.9
 32.87, -73.93
 32.75, -73.95
 32.63, -73.97
 32.51, -74.0
 32.4, -74.05
 32.28, -74.1
 32.17, -74.15
 32.05, -74.19
 31.94, -74.23
 31.82, -74.27
 31.7, -74.3
 31.58, -74.32
 31.49, -74.31
 31.45, -74.31
 31.33, -74.32
 31.21, -74.36
 31.1, -74.41
 31.01, -74.46
 30.99, -74.47
 30.88, -74.52
 30.76, -74.55
 30.64, -74.59
 30.53, -74.64
 30.42, -74.7
 30.31, -74.79
 30.28, -74.82
 30.21, -74.89
 30.11, -75.0
 30.1, -75.02
 30.01, -75.11
 29.9, -75.19
 29.79, -75.24
 29.67, -75.25
 29.54, -75.25
 29.42, -75.25
 29.3, -75.3
 29.21, -75.41
 29.21, -75.41
 29.14, -75.57
 29.13, -75.62
 29.1, -75.72
 29.08, -75.87
 29.09, -76.01
 29.13, -76.14
 29.19, -76.27
 29.25, -76.39
 29.28, -76.53
 29.27, -76.67
 29.23, -76.74
 29.17, -76.84
 29.14, -76.88
 29.04, -77.0
 29.02, -77.02
 28.94, -77.12
 28.89, -77.19
 28.84, -77.27
 28.79, -77.36
 28.75, -77.42
 28.68, -77.53
 28.66, -77.57
 28.56, -77.69
 28.54, -77.7
 28.45, -77.8
 28.36, -77.89
 28.35, -77.9
 28.25, -77.99
 28.14, -78.07
 28.12, -78.08
 28.03, -78.15
 27.92, -78.2
 27.8, -78.24
 27.68, -78.26
 27.57, -78.29
 27.46, -78.36
 27.44, -78.38
 27.36, -78.5
 27.34, -78.55
 27.27, -78.67
 27.26, -78.7
 27.18, -78.86
 27.18, -78.86
 27.09, -79.01
 27.08, -79.02
 26.99, -79.12
 26.88, -79.19
 26.78, -79.22
 26.76, -79.23
 26.65, -79.26
 26.53, -79.29
 26.42, -79.34
 26.31, -79.42
 26.27, -79.47
 26.22, -79.57
 26.19, -79.63
 26.15, -79.77
 26.14, -79.8
 26.1, -79.92
 26.06, -80.05
 26.05, -80.06
 26.02, -80.2
 25.98, -80.32
 25.97, -80.35
 25.95, -80.49
 25.94, -80.62
 25.99, -80.75
 26.06, -80.87
 26.08, -80.89
 26.15, -80.99
 26.23, -81.11
 26.24, -81.12
 26.31, -81.22
 26.37, -81.35
 26.41, -81.47
 26.42, -81.61
 26.39, -81.75
 26.35, -81.83
 26.3, -81.9
 26.25, -81.96
 26.16, -82.06
 26.14, -82.08
 26.09, -82.21
 26.06, -82.32
 26.06, -82.35
 26.05, -82.49
 26.06, -82.62
 26.06, -82.75
 26.07, -82.88
 26.08, -83.02
 26.08, -83.15
 26.08, -83.28
 26.08, -83.29
 26.08, -83.3
 26.11, -83.42
 26.18, -83.54
 26.24, -83.61
 26.29, -83.65
 26.38, -83.73
 26.42, -83.76
 26.52, -83.85
 26.54, -83.88
 26.64, -84.0
 26.66, -84.02
 26.74, -84.12
 26.81, -84.22
 26.83, -84.24
 26.91, -84.36
 26.96, -84.44
 26.99, -84.48
 27.07, -84.61
 27.1, -84.66
 27.18, -84.72
 27.24, -84.76
 27.37, -84.82
 27.38, -84.83
 27.49, -84.88
 27.57, -84.94
 27.63, -85.0
 27.67, -85.05
 27.75, -85.18
 27.78, -85.24
 27.82, -85.31
 27.89, -85.43
 27.93, -85.52
 27.96, -85.56
 28.07, -85.68
 28.07, -85.69
 28.2, -85.7
 28.25, -85.65
 28.3, -85.59
 28.35, -85.5
 28.4, -85.39
 28.42, -85.35
 28.5, -85.2
 28.5, -85.2
 28.6, -85.05
 28.6, -85.05
 28.71, -84.9
 28.71, -84.89
 28.78, -84.74
 28.8, -84.69
 28.82, -84.6
 28.85, -84.46
 28.88, -84.32
 28.88, -84.31
 28.91, -84.17
 28.95, -84.02
 28.96, -83.98
 28.99, -83.88
 29.05, -83.75
 29.06, -83.73
 29.15, -83.61
 29.2, -83.56
 29.26, -83.51
 29.37, -83.43
 29.48, -83.38
 29.54, -83.36
 29.6, -83.34
 29.72, -83.3
 29.83, -83.24
 29.94, -83.15
 29.94, -83.15
 30.05, -83.05
 30.11, -82.98
 30.16, -82.93
 30.23, -82.82
 30.25, -82.77
 30.3, -82.66
 30.35, -82.55
 30.36, -82.51
 30.44, -82.35
 30.44, -82.35
 30.54, -82.21
 30.56, -82.19
 30.65, -82.08
 30.72, -82.01
 30.75, -81.97
 30.86, -81.89
 30.98, -81.82
 30.98, -81.82
 31.09, -81.76
 31.2, -81.7
 31.31, -81.62
 31.35, -81.6
 31.43, -81.55
 31.54, -81.47
 31.6, -81.41
 31.64, -81.35
 31.71, -81.24
 31.74, -81.18
 31.77, -81.08
 31.82, -80.92
 31.82, -80.92
 31.88, -80.77
 31.91, -80.7
 31.99, -80.6
 32.01, -80.57
 32.13, -80.5
 32.24, -80.47
 32.37, -80.47
 32.49, -80.49
 32.5, -80.49
 32.62, -80.51
 32.74, -80.52
 32.87, -80.52
 32.99, -80.51
 33.02, -80.52
 33.12, -80.53
 33.25, -80.6
 33.26, -80.61
 33.38, -80.73
 33.4, -80.76
 33.45, -80.86
 33.49, -81.0
 33.5, -81.15
 33.48, -81.3
 33.48, -81.3
 33.44, -81.46
 33.4, -81.58
 33.38, -81.62
 33.3, -81.78
 33.3, -81.78
 33.22, -81.94
 33.21, -81.98
 33.16, -82.1
 33.12, -82.22
 33.11, -82.26
 33.04, -82.42
 33.03, -82.45
 32.96, -82.58
 32.93, -82.64
 32.88, -82.75
 32.84, -82.84
 32.81, -82.9
 32.75, -83.06
 32.75, -83.07
 32.69, -83.22
 32.65, -83.3
 32.61, -83.38
 32.55, -83.48
 32.51, -83.54
 32.45, -83.63
 32.38, -83.71
 32.34, -83.76
 32.24, -83.88
 32.23, -83.88
 32.13, -84.02
 32.11, -84.05
 32.03, -84.17
 32.0, -84.21
 31.92, -84.31
 31.86, -84.38
 31.82, -84.43
 31.71, -84.54
 31.69, -84.55
 31.6, -84.66
 31.55, -84.72
 31.49, -84.81
 31.46, -84.88
 31.4, -85.02
 31.39, -85.03
 31.34, -85.18
 31.3, -85.26
 31.27, -85.34
 31.2, -85.45
 31.18, -85.49
 31.1, -85.63
 31.09, -85.65
 31.02, -85.8
 31.0, -85.85
 30.95, -85.95
 30.9, -86.03
 30.82, -86.11
 30.79, -86.15
 30.68, -86.22
 30.56, -86.27
 30.44, -86.29
 30.32, -86.28
 30.2, -86.25
 30.07, -86.25
 29.96, -86.28
 29.84, -86.34
 29.73, -86.41
 29.73, -86.41
 29.62, -86.55
 29.61, -86.57
 29.56, -86.71
 29.52, -86.79
 29.5, -86.86
 29.42, -87.01
 29.42, -87.01
 29.36, -87.16
 29.32, -87.22
 29.29, -87.3
 29.23, -87.45
 29.22, -87.45
 29.18, -87.6
 29.13, -87.74
 29.13, -87.74
 29.1, -87.88
 29.05, -88.03
 29.04, -88.06
 29.0, -88.17
 28.94, -88.3
 28.94, -88.32
 28.86, -88.46
 28.84, -88.5
 28.78, -88.61
 28.73, -88.69
 28.69, -88.76
 28.63, -88.87
 28.61, -88.9
 28.57, -89.04
 28.55, -89.18
 28.54, -89.3
 28.54, -89.32
 28.52, -89.46
 28.49, -89.6
 28.46, -89.74
 28.45, -89.75
 28.41, -89.88
 28.35, -89.98
 28.32, -90.03
 28.24, -90.1
 28.13, -90.18
 28.13, -90.19
 28.01, -90.3
 27.99, -90.33
 27.9, -90.44
 27.88, -90.48
 27.79, -90.61
 27.79, -90.62
 27.7, -90.76
 27.69, -90.79
 27.6, -90.91
 27.57, -90.95
 27.48, -91.05
 27.46, -91.07
 27.36, -91.2
 27.35, -91.21
 27.26, -91.34
 27.24, -91.37
 27.14, -91.48
 27.13, -91.49
 27.02, -91.61
 27.0, -91.63
 26.9, -91.77
 26.9, -91.77
 26.85, -91.91
 26.81, -92.04
 26.8, -92.07
 26.75, -92.18
 26.69, -92.31
 26.68, -92.32
 26.58, -92.46
 26.58, -92.46
 26.47, -92.53
 26.35, -92.57
 26.27, -92.61
 26.23, -92.63
 26.13, -92.75
 26.12, -92.77
 26.04, -92.89
 26.01, -92.93
 25.89, -92.99
 25.77, -92.94
 25.75, -92.91
 25.67, -92.78
 25.64, -92.71
 25.62, -92.65
 25.58, -92.52
 25.56, -92.39
 25.55, -92.26
 25.53, -92.13
 25.51, -92.0
 25.48, -91.93
 25.43, -91.87
 25.36, -91.83
 25.24, -91.81
 25.12, -91.81
End:

Color: 236 144 74 255
Line: 1, 0, "0.25"
 35.68, -76.23
 35.65, -76.08
 35.67, -75.98
 35.69, -75.92
 35.76, -75.8
 35.87, -75.71
 35.87, -75.71
 35.89, -75.7
 35.99, -75.68
 36.12, -75.71
 36.21, -75.76
 36.27, -75.85
 36.31, -75.89
 36.31, -76.04
 36.31, -76.04
 36.21, -76.19
 36.12, -76.26
 36.1, -76.26
 36.05, -76.27
 35.98, -76.29
 35.86, -76.29
 35.73, -76.25
 35.68, -76.23
End:

Color: 236 144 74 255
Line: 1, 0, "0.5"
 23.52, -78.73
 23.64, -78.72
 23.65, -78.72
 23.77, -78.76
 23.85, -78.81
 23.91, -78.85
 23.97, -78.92
 24.05, -79.0
 24.08, -79.02
 24.2, -79.12
 24.21, -79.13
 24.33, -79.2
 24.37, -79.22
 24.46, -79.26
 24.59, -79.3
 24.63, -79.3
 24.71, -79.3
 24.83, -79.28
 24.92, -79.23
 24.94, -79.23
 25.05, -79.15
 25.12, -79.06
 25.15, -79.03
 25.24, -78.9
 25.25, -78.89
 25.34, -78.77
 25.39, -78.73
 25.45, -78.68
 25.56, -78.61
 25.67, -78.57
 25.78, -78.51
 25.8, -78.5
 25.89, -78.43
 25.98, -78.32
 25.99, -78.31
 26.04, -78.17
 25.96, -78.05
 25.93, -78.05
 25.81, -78.04
 25.69, -78.04
 25.57, -78.04
 25.49, -78.03
 25.44, -78.03
 25.32, -78.02
 25.19, -77.99
 25.16, -77.98
 25.06, -77.94
 24.95, -77.89
 24.93, -77.88
 24.8, -77.79
 24.79, -77.78
 24.67, -77.69
 24.64, -77.66
 24.54, -77.59
 24.49, -77.52
 24.45, -77.48
 24.47, -77.41
 24.52, -77.33
 24.57, -77.29
 24.67, -77.21
 24.77, -77.13
 24.78, -77.13
 24.89, -77.06
 24.99, -77.0
 25.1, -76.94
 25.2, -76.89
 25.22, -76.88
 25.33, -76.84
 25.44, -76.8
 25.56, -76.77
 25.68, -76.76
 25.73, -76.76
 25.8, -76.76
 25.92, -76.77
 26.05, -76.78
 26.11, -76.79
 26.18, -76.81
 26.31, -76.85
 26.36, -76.87
 26.44, -76.92
 26.53, -76.96
 26.58, -77.0
 26.71, -77.02
 26.83, -77.0
 26.94, -76.94
 27.04, -76.86
 27.09, -76.82
 27.15, -76.77
 27.24, -76.65
 27.25, -76.64
 27.34, -76.52
 27.38, -76.47
 27.44, -76.4
 27.54, -76.3
 27.58, -76.28
 27.65, -76.22
 27.76, -76.15
 27.86, -76.08
 27.92, -76.05
 27.97, -76.01
 28.08, -75.94
 28.19, -75.86
 28.29, -75.81
 28.3, -75.8
 28.41, -75.76
 28.46, -75.76
 28.54, -75.77
 28.65, -75.85
 28.7, -75.92
 28.72, -75.97
 28.77, -76.1
 28.84, -76.22
 28.9, -76.3
 28.92, -76.34
 29.01, -76.46
 29.04, -76.59
 28.99, -76.74
 28.99, -76.75
 28.89, -76.89
 28.88, -76.91
 28.8, -77.03
 28.77, -77.08
 28.7, -77.19
 28.67, -77.25
 28.61, -77.34
 28.57, -77.41
 28.52, -77.49
 28.43, -77.59
 28.42, -77.61
 28.31, -77.71
 28.25, -77.77
 28.21, -77.81
 28.11, -77.9
 28.01, -77.97
 28.0, -77.98
 27.89, -78.03
 27.77, -78.06
 27.65, -78.07
 27.54, -78.09
 27.53, -78.09
 27.52, -78.09
 27.42, -78.14
 27.32, -78.26
 27.31, -78.28
 27.24, -78.43
 27.23, -78.44
 27.17, -78.59
 27.15, -78.65
 27.11, -78.74
 27.06, -78.84
 27.02, -78.9
 26.96, -78.97
 26.85, -79.05
 26.74, -79.09
 26.62, -79.12
 26.5, -79.14
 26.39, -79.17
 26.36, -79.18
 26.28, -79.22
 26.17, -79.31
 26.13, -79.37
 26.08, -79.47
 26.06, -79.52
 26.02, -79.66
 26.0, -79.74
 25.99, -79.81
 25.95, -79.95
 25.93, -80.02
 25.91, -80.09
 25.86, -80.24
 25.85, -80.27
 25.8, -80.38
 25.77, -80.47
 25.73, -80.53
 25.71, -80.67
 25.73, -80.8
 25.77, -80.93
 25.86, -81.04
 25.86, -81.04
 26.0, -81.15
 26.0, -81.15
 26.11, -81.26
 26.14, -81.29
 26.2, -81.38
 26.24, -81.51
 26.22, -81.65
 26.2, -81.68
 26.1, -81.79
 26.08, -81.81
 25.99, -81.88
 25.9, -81.98
 25.89, -82.01
 25.86, -82.12
 25.87, -82.25
 25.89, -82.38
 25.91, -82.51
 25.93, -82.64
 25.95, -82.77
 25.96, -82.9
 25.97, -83.04
 25.97, -83.17
 25.97, -83.3
 25.99, -83.44
 26.05, -83.56
 26.13, -83.66
 26.14, -83.68
 26.27, -83.79
 26.27, -83.79
 26.4, -83.9
 26.4, -83.91
 26.51, -84.02
 26.54, -84.06
 26.61, -84.14
 26.69, -84.24
 26.7, -84.26
 26.8, -84.38
 26.84, -84.44
 26.88, -84.5
 26.95, -84.62
 26.99, -84.69
 27.03, -84.75
 27.13, -84.85
 27.15, -84.86
 27.26, -84.92
 27.35, -84.97
 27.39, -84.99
 27.52, -85.08
 27.52, -85.08
 27.62, -85.2
 27.66, -85.26
 27.7, -85.32
 27.77, -85.45
 27.82, -85.55
 27.83, -85.58
 27.91, -85.7
 27.96, -85.8
 27.99, -85.83
 28.1, -85.92
 28.18, -85.94
 28.22, -85.94
 28.26, -85.93
 28.34, -85.88
 28.42, -85.76
 28.44, -85.74
 28.51, -85.62
 28.54, -85.55
 28.58, -85.47
 28.64, -85.37
 28.67, -85.31
 28.74, -85.21
 28.78, -85.16
 28.85, -85.06
 28.88, -85.01
 28.94, -84.86
 28.95, -84.86
 28.98, -84.71
 29.01, -84.57
 29.02, -84.51
 29.04, -84.43
 29.09, -84.28
 29.11, -84.22
 29.15, -84.13
 29.2, -84.02
 29.24, -83.97
 29.31, -83.89
 29.42, -83.8
 29.42, -83.8
 29.53, -83.75
 29.65, -83.72
 29.77, -83.7
 29.89, -83.67
 30.0, -83.62
 30.12, -83.57
 30.24, -83.53
 30.28, -83.51
 30.35, -83.49
 30.47, -83.45
 30.58, -83.33
 30.58, -83.32
 30.6, -83.17
 30.62, -83.03
 30.64, -82.93
 30.65, -82.88
 30.69, -82.73
 30.72, -82.58
 30.72, -82.58
 30.77, -82.43
 30.81, -82.37
 30.9, -82.26
 30.92, -82.25
 31.03, -82.2
 31.15, -82.17
 31.27, -82.14
 31.38, -82.1
 31.5, -82.07
 31.62, -82.03
 31.73, -81.96
 31.75, -81.95
 31.84, -81.85
 31.87, -81.78
 31.93, -81.65
 31.94, -81.62
 32.0, -81.47
 32.02, -81.41
 32.07, -81.31
 32.11, -81.21
 32.16, -81.14
 32.21, -81.07
 32.33, -81.01
 32.45, -80.99
 32.57, -81.0
 32.68, -81.03
 32.7, -81.04
 32.83, -81.15
 32.84, -81.16
 32.91, -81.28
 32.94, -81.42
 32.92, -81.57
 32.91, -81.6
 32.87, -81.72
 32.82, -81.87
 32.82, -81.88
 32.81, -82.03
 32.8, -82.18
 32.77, -82.33
 32.77, -82.33
 32.73, -82.48
 32.68, -82.61
 32.67, -82.64
 32.62, -82.8
 32.6, -82.87
 32.57, -82.95
 32.51, -83.11
 32.51, -83.11
 32.43, -83.27
 32.41, -83.3
 32.31, -83.44
 32.3, -83.44
 32.19, -83.54
 32.08, -83.62
 32.08, -83.62
 31.97, -83.69
 31.86, -83.78
 31.83, -83.81
 31.75, -83.92
 31.72, -83.97
 31.65, -84.12
 31.65, -84.13
 31.56, -84.29
 31.56, -84.3
 31.45, -84.45
 31.45, -84.45
 31.35, -84.6
 31.34, -84.61
 31.25, -84.77
 31.25, -84.78
 31.2, -84.92
 31.15, -85.03
 31.14, -85.07
 31.07, -85.23
 31.06, -85.24
 30.97, -85.38
 30.95, -85.4
 30.87, -85.54
 30.85, -85.57
 30.78, -85.7
 30.75, -85.75
 30.67, -85.85
 30.64, -85.89
 30.53, -85.96
 30.41, -85.98
 30.28, -85.95
 30.2, -85.92
 30.16, -85.91
 30.04, -85.89
 29.92, -85.94
 29.89, -85.97
 29.81, -86.04
 29.72, -86.13
 29.7, -86.15
 29.59, -86.27
 29.58, -86.29
 29.49, -86.44
 29.49, -86.45
 29.44, -86.59
 29.39, -86.7
 29.38, -86.74
 29.31, -86.89
 29.29, -86.92
 29.24, -87.03
 29.19, -87.12
 29.16, -87.18
 29.1, -87.33
 29.09, -87.34
 29.05, -87.47
 29.0, -87.62
 29.0, -87.62
 28.96, -87.76
 28.91, -87.91
 28.91, -87.91
 28.86, -88.05
 28.81, -88.18
 28.8, -88.19
 28.74, -88.34
 28.71, -88.4
 28.67, -88.48
 28.6, -88.6
 28.59, -88.63
 28.51, -88.78
 28.5, -88.8
 28.45, -88.92
 28.42, -89.06
 28.41, -89.14
 28.4, -89.2
 28.39, -89.34
 28.36, -89.48
 28.33, -89.62
 28.33, -89.63
 28.28, -89.76
 28.22, -89.86
 28.19, -89.9
 28.11, -89.98
 28.04, -90.05
 28.0, -90.1
 27.92, -90.2
 27.89, -90.24
 27.82, -90.35
 27.78, -90.4
 27.72, -90.49
 27.67, -90.57
 27.62, -90.63
 27.56, -90.72
 27.5, -90.78
 27.45, -90.84
 27.33, -90.92
 27.3, -90.93
 27.22, -90.99
 27.1, -91.06
 27.04, -91.09
 26.99, -91.13
 26.87, -91.21
 26.82, -91.24
 26.76, -91.28
 26.64, -91.33
 26.52, -91.31
 26.48, -91.26
 26.39, -91.18
 26.36, -91.14
 26.26, -91.04
 26.23, -91.02
 26.14, -90.95
 26.02, -90.95
 25.9, -91.01
 25.87, -91.04
 25.79, -91.13
 25.74, -91.19
 25.68, -91.26
 25.6, -91.33
 25.57, -91.35
 25.45, -91.41
 25.34, -91.46
 25.22, -91.49
 25.22, -91.49
 25.1, -91.52
End:

Color: 236 144 74 255
Line: 1, 0, "0.5"
 35.7, -69.85
 35.8, -69.97
 35.87, -70.02
 35.94, -70.08
 36.03, -70.15
 36.07, -70.19
 36.17, -70.31
 36.22, -70.4
 36.24, -70.44
 36.29, -70.58
 36.33, -70.72
 36.35, -70.87
 36.35, -70.93
 36.34, -71.03
 36.3, -71.2
 36.29, -71.22
 36.2, -71.39
 36.2, -71.39
 36.1, -71.52
 36.0, -71.61
 35.93, -71.65
 35.89, -71.67
 35.77, -71.73
 35.66, -71.79
 35.55, -71.85
 35.43, -71.9
 35.32, -71.96
 35.21, -72.02
 35.1, -72.09
 35.06, -72.11
 34.99, -72.16
 34.88, -72.24
 34.77, -72.32
 34.68, -72.39
 34.67, -72.41
 34.56, -72.49
 34.45, -72.55
 34.33, -72.6
 34.22, -72.64
 34.1, -72.68
 33.98, -72.71
 33.86, -72.75
 33.75, -72.79
 33.63, -72.84
 33.52, -72.9
 33.41, -72.96
 33.29, -73.01
 33.29, -73.01
 33.18, -73.06
 33.06, -73.11
 32.95, -73.15
 32.83, -73.2
 32.72, -73.23
 32.6, -73.26
 32.48, -73.28
 32.36, -73.34
 32.26, -73.43
 32.18, -73.51
 32.16, -73.54
 32.05, -73.63
 31.94, -73.7
 31.83, -73.74
 31.7, -73.75
 31.57, -73.72
 31.55, -73.71
 31.44, -73.69
 31.32, -73.7
 31.2, -73.74
 31.09, -73.8
 30.98, -73.88
 30.97, -73.89
 30.87, -73.95
 30.77, -74.03
 30.65, -74.08
 30.53, -74.07
 30.47, -74.04
 30.41, -73.91
 30.44, -73.76
 30.45, -73.73
 30.52, -73.59
 30.52, -73.48
 30.52, -73.45
 30.51, -73.44
 30.37, -73.39
 30.26, -73.45
 30.16, -73.54
 30.13, -73.57
 30.05, -73.63
 29.95, -73.71
 29.84, -73.79
 29.83, -73.8
 29.73, -73.87
 29.63, -73.95
 29.52, -74.02
 29.48, -74.05
 29.41, -74.1
 29.3, -74.17
 29.19, -74.23
 29.08, -74.26
 28.94, -74.22
 28.93, -74.21
 28.87, -74.09
 28.88, -73.95
 28.88, -73.95
 28.97, -73.78
 28.97, -73.78
 29.06, -73.66
 29.12, -73.59
 29.16, -73.55
 29.26, -73.45
 29.34, -73.38
 29.37, -73.36
 29.47, -73.26
 29.56, -73.17
 29.57, -73.16
 29.67, -73.05
 29.73, -72.97
 29.77, -72.93
 29.86, -72.81
 29.88, -72.78
 29.95, -72.68
 30.02, -72.59
 30.05, -72.55
 30.15, -72.44
 30.18, -72.39
 30.24, -72.32
 30.31, -72.21
 30.33, -72.17
 30.39, -72.04
 30.41, -71.98
 30.45, -71.87
 30.47, -71.73
 30.48, -71.72
End:

Color: 236 144 74 255
Line: 1, 0, "0.5"
 26.03, -91.96
 26.06, -91.83
 26.07, -91.81
 26.17, -91.69
 26.18, -91.67
 26.3, -91.62
 26.37, -91.67
 26.36, -91.81
 26.31, -91.87
 26.25, -91.95
 26.2, -91.99
 26.08, -92.03
 26.03, -91.96
End:

Color: 236 144 74 255
Line: 2, 0, "1.0"
 24.95, -89.38
 25.07, -89.33
 25.17, -89.26
 25.18, -89.24
 25.28, -89.11
 25.29, -89.1
 25.34, -88.98
 25.37, -88.84
 25.37, -88.73
 25.38, -88.71
 25.37, -88.58
 25.36, -88.54
 25.34, -88.45
 25.3, -88.32
 25.25, -88.19
 25.2, -88.08
 25.19, -88.07
 25.14, -87.94
 25.09, -87.82
 25.04, -87.72
 25.03, -87.69
 24.95, -87.57
 24.91, -87.53
 24.78, -87.49
End:

Color: 236 144 74 255
Line: 2, 0, "1.0"
 24.44, -84.46
 24.55, -84.38
 24.59, -84.33
 24.65, -84.23
 24.67, -84.19
 24.7, -84.05
 24.72, -83.91
 24.72, -83.9
 24.73, -83.78
 24.74, -83.65
 24.76, -83.51
 24.78, -83.43
 24.79, -83.38
 24.8, -83.24
 24.8, -83.11
 24.76, -82.98
 24.71, -82.96
 24.59, -82.93
 24.47, -82.93
 24.35, -82.94
 24.23, -82.95
End:

Color: 236 144 74 255
Line: 2, 0, "1.0"
 24.11, -82.15
 24.22, -82.11
 24.33, -82.05
 24.44, -81.99
 24.44, -81.98
 24.55, -81.91
 24.66, -81.86
 24.78, -81.83
 24.9, -81.83
 25.03, -81.87
 25.03, -81.88
 25.07, -82.0
 25.06, -82.08
 25.05, -82.14
 25.02, -82.27
 25.0, -82.41
 25.0, -82.49
 25.0, -82.54
 25.02, -82.62
 25.05, -82.67
 25.15, -82.68
 25.27, -82.65
 25.38, -82.61
 25.4, -82.6
 25.49, -82.57
 25.55, -82.58
 25.62, -82.58
 25.7, -82.68
 25.76, -82.81
 25.78, -82.86
 25.79, -82.93
 25.81, -83.06
 25.81, -83.1
 25.81, -83.2
 25.8, -83.33
 25.81, -83.47
 25.86, -83.59
 25.88, -83.61
 25.96, -83.71
 26.02, -83.77
 26.08, -83.82
 26.16, -83.89
 26.22, -83.93
 26.3, -84.0
 26.34, -84.05
 26.44, -84.15
 26.45, -84.17
 26.54, -84.28
 26.58, -84.33
 26.64, -84.4
 26.73, -84.52
 26.73, -84.52
 26.81, -84.65
 26.87, -84.77
 26.88, -84.78
 26.96, -84.89
 27.02, -84.98
 27.07, -85.01
 27.16, -85.08
 27.24, -85.12
 27.28, -85.14
 27.42, -85.23
 27.42, -85.23
 27.53, -85.35
 27.55, -85.38
 27.61, -85.47
 27.68, -85.6
 27.71, -85.66
 27.74, -85.73
 27.8, -85.85
 27.86, -85.97
 27.87, -85.98
 27.96, -86.11
 28.0, -86.15
 28.1, -86.22
 28.13, -86.24
 28.26, -86.26
 28.38, -86.24
 28.49, -86.17
 28.49, -86.17
 28.6, -86.05
 28.62, -86.01
 28.7, -85.89
 28.73, -85.86
 28.8, -85.74
 28.83, -85.7
 28.91, -85.6
 28.96, -85.55
 29.02, -85.47
 29.1, -85.39
 29.12, -85.35
 29.22, -85.23
 29.23, -85.22
 29.31, -85.08
 29.33, -85.0
 29.35, -84.93
 29.39, -84.79
 29.41, -84.72
 29.48, -84.63
 29.52, -84.6
 29.64, -84.56
 29.76, -84.54
 29.88, -84.52
 29.99, -84.5
 30.11, -84.44
 30.19, -84.38
 30.22, -84.36
 30.33, -84.28
 30.44, -84.2
 30.47, -84.19
 30.56, -84.14
 30.67, -84.09
 30.79, -84.07
 30.92, -84.09
 30.95, -84.11
 30.98, -84.24
 30.97, -84.39
 30.96, -84.41
 30.93, -84.54
 30.89, -84.69
 30.87, -84.72
 30.8, -84.84
 30.77, -84.88
 30.66, -84.97
 30.54, -85.01
 30.51, -85.03
 30.43, -85.08
 30.34, -85.2
 30.32, -85.22
 30.21, -85.3
 30.09, -85.33
 29.97, -85.36
 29.86, -85.39
 29.81, -85.42
 29.74, -85.46
 29.64, -85.58
 29.63, -85.59
 29.54, -85.74
 29.53, -85.75
 29.46, -85.89
 29.43, -85.94
 29.39, -86.04
 29.34, -86.17
 29.33, -86.19
 29.28, -86.33
 29.24, -86.44
 29.23, -86.48
 29.17, -86.63
 29.15, -86.67
 29.1, -86.78
 29.05, -86.87
 29.02, -86.92
 28.95, -87.07
 28.95, -87.08
 28.89, -87.22
 28.85, -87.32
 28.83, -87.36
 28.78, -87.51
 28.76, -87.6
 28.74, -87.65
 28.69, -87.79
 28.66, -87.89
 28.65, -87.94
 28.6, -88.08
 28.57, -88.17
 28.55, -88.22
 28.49, -88.37
 28.47, -88.41
 28.42, -88.51
 28.36, -88.62
 28.35, -88.66
 28.28, -88.8
 28.26, -88.84
 28.22, -88.94
 28.18, -89.09
 28.17, -89.16
 28.15, -89.22
 28.11, -89.37
 28.07, -89.47
 28.06, -89.51
 27.98, -89.65
 27.97, -89.67
 27.89, -89.8
 27.86, -89.84
 27.81, -89.94
 27.75, -90.04
 27.74, -90.08
 27.66, -90.22
 27.65, -90.24
 27.55, -90.37
 27.54, -90.39
 27.43, -90.5
 27.39, -90.52
 27.31, -90.56
 27.19, -90.58
 27.07, -90.58
 26.95, -90.56
 26.94, -90.56
 26.83, -90.5
 26.77, -90.44
 26.69, -90.31
 26.69, -90.31
 26.62, -90.18
 26.56, -90.11
 26.49, -90.06
 26.43, -90.03
 26.31, -90.03
 26.2, -90.08
 26.19, -90.09
 26.09, -90.17
 26.01, -90.24
 25.97, -90.27
 25.86, -90.37
 25.85, -90.38
 25.75, -90.47
 25.67, -90.53
 25.64, -90.56
 25.52, -90.65
 25.5, -90.68
 25.41, -90.76
 25.36, -90.82
 25.3, -90.88
 25.22, -90.96
 25.19, -90.99
 25.07, -91.06
End:

Color: 236 144 74 255
Line: 2, 0, "1.0"
 23.79, -80.21
 23.9, -80.17
 24.02, -80.12
 24.13, -80.08
 24.17, -80.06
 24.24, -80.03
 24.36, -80.01
 24.38, -80.01
 24.48, -80.05
 24.56, -80.11
 24.63, -80.21
 24.64, -80.23
 24.68, -80.35
 24.71, -80.48
 24.71, -80.61
 24.71, -80.67
 24.71, -80.74
 24.66, -80.89
 24.63, -80.92
 24.53, -81.02
 24.49, -81.05
 24.42, -81.1
 24.31, -81.17
 24.2, -81.22
 24.08, -81.24
 23.97, -81.26
End:

Color: 236 144 74 255
Line: 2, 0, "1.0"
 25.56, -80.03
 25.57, -80.01
 25.58, -80.03
 25.57, -80.04
 25.56, -80.03
End:

Color: 236 144 74 255
Line: 2, 0, "1.0"
 26.4, -78.77
 26.37, -78.64
 26.4, -78.56
 26.42, -78.49
 26.48, -78.38
 26.53, -78.33
 26.59, -78.27
 26.7, -78.21
 26.82, -78.2
 26.9, -78.24
 26.96, -78.36
 26.96, -78.5
 26.92, -78.65
 26.91, -78.67
 26.81, -78.8
 26.8, -78.81
 26.69, -78.85
 26.59, -78.86
 26.57, -78.86
 26.44, -78.79
 26.4, -78.77
End:

Color: 236 144 74 255
Line: 2, 0, "1.0"
 31.76, -72.47
 31.68, -72.34
 31.73, -72.22
 31.76, -72.17
 31.83, -72.12
 31.94, -72.06
 32.05, -72.0
 32.16, -71.94
 32.27, -71.89
 32.39, -71.85
 32.52, -71.85
 32.65, -71.87
 32.65, -71.87
 32.77, -71.98
 32.79, -72.12
 32.74, -72.26
 32.73, -72.29
 32.65, -72.4
 32.54, -72.48
 32.43, -72.53
 32.3, -72.54
 32.18, -72.54
 32.05, -72.53
 32.01, -72.53
 31.92, -72.51
 31.79, -72.48
 31.76, -72.47
End:

Color: 236 144 74 255
Line: 2, 0, "1.0"
 33.75, -71.64
 33.73, -71.5
 33.8, -71.41
 33.87, -71.3
 33.89, -71.28
 33.99, -71.16
 34.06, -71.08
 34.09, -71.04
 34.19, -70.94
 34.28, -70.85
 34.29, -70.83
 34.4, -70.75
 34.5, -70.67
 34.61, -70.6
 34.73, -70.54
 34.82, -70.5
 34.84, -70.49
 34.89, -70.47
 34.96, -70.45
 35.08, -70.44
 35.22, -70.47
 35.25, -70.49
 35.37, -70.57
 35.39, -70.59
 35.48, -70.72
 35.51, -70.86
 35.48, -71.01
 35.47, -71.03
 35.39, -71.16
 35.33, -71.24
 35.29, -71.29
 35.19, -71.39
 35.08, -71.48
 35.07, -71.49
 34.97, -71.56
 34.86, -71.63
 34.75, -71.69
 34.64, -71.74
 34.52, -71.78
 34.4, -71.8
 34.27, -71.81
 34.15, -71.81
 34.15, -71.81
 34.01, -71.78
 33.9, -71.75
 33.88, -71.73
 33.75, -71.64
End:

Color: 233 70 57 255
Line: 2, 0, "2.0"
 24.52, -85.14
 24.56, -85.12
 24.63, -85.09
 24.74, -85.0
 24.78, -84.96
 24.85, -84.89
 24.92, -84.81
 24.95, -84.77
 25.05, -84.65
 25.06, -84.64
 25.16, -84.5
 25.16, -84.5
 25.26, -84.38
 25.29, -84.35
 25.37, -84.27
 25.43, -84.2
 25.47, -84.15
 25.58, -84.04
 25.58, -84.04
 25.69, -83.96
 25.81, -83.95
 25.89, -83.99
 25.94, -84.01
 26.07, -84.09
 26.07, -84.09
 26.2, -84.21
 26.2, -84.21
 26.3, -84.32
 26.35, -84.38
 26.4, -84.44
 26.49, -84.55
 26.5, -84.56
 26.58, -84.68
 26.64, -84.77
 26.65, -84.81
 26.72, -84.93
 26.79, -85.06
 26.79, -85.06
 26.88, -85.18
 26.93, -85.24
 27.0, -85.29
 27.07, -85.34
 27.17, -85.4
 27.2, -85.42
 27.33, -85.52
 27.33, -85.52
 27.42, -85.64
 27.47, -85.72
 27.49, -85.76
 27.54, -85.89
 27.57, -86.02
 27.61, -86.16
 27.65, -86.29
 27.66, -86.31
 27.7, -86.41
 27.77, -86.54
 27.81, -86.63
 27.84, -86.67
 27.94, -86.79
 27.95, -86.81
 28.08, -86.9
 28.1, -86.91
 28.21, -86.97
 28.27, -87.02
 28.32, -87.15
 28.31, -87.29
 28.29, -87.43
 28.26, -87.52
 28.25, -87.57
 28.21, -87.71
 28.18, -87.85
 28.18, -87.86
 28.14, -88.0
 28.09, -88.14
 28.08, -88.16
 28.03, -88.28
 27.98, -88.37
 27.95, -88.43
 27.88, -88.53
 27.84, -88.58
 27.77, -88.68
 27.73, -88.72
 27.66, -88.82
 27.63, -88.87
 27.55, -88.98
 27.52, -89.02
 27.44, -89.13
 27.4, -89.17
 27.33, -89.24
 27.22, -89.27
 27.1, -89.2
 27.09, -89.18
 27.03, -89.07
 27.0, -88.94
 27.0, -88.8
 27.01, -88.67
 27.04, -88.57
 27.05, -88.53
 27.09, -88.39
 27.13, -88.27
 27.14, -88.25
 27.18, -88.11
 27.22, -87.97
 27.22, -87.97
 27.25, -87.83
 27.25, -87.69
 27.21, -87.56
 27.18, -87.48
 27.16, -87.43
 27.09, -87.31
 27.03, -87.2
 27.02, -87.18
 26.95, -87.06
 26.88, -86.94
 26.88, -86.93
 26.81, -86.8
 26.74, -86.68
 26.73, -86.66
 26.67, -86.55
 26.59, -86.44
 26.58, -86.43
 26.46, -86.31
 26.45, -86.31
 26.33, -86.25
 26.21, -86.22
 26.15, -86.22
 26.08, -86.22
 25.97, -86.23
 25.85, -86.26
 25.83, -86.27
 25.73, -86.3
 25.62, -86.35
 25.5, -86.39
 25.39, -86.42
 25.27, -86.42
 25.15, -86.4
 25.07, -86.37
 25.02, -86.35
 24.89, -86.28
 24.85, -86.27
 24.77, -86.24
 24.65, -86.22
End:

Color: 233 70 57 255
Line: 3, 0, "3.0"
 25.81, -85.07
 25.79, -84.94
 25.78, -84.81
 25.78, -84.7
 25.79, -84.67
 25.81, -84.54
 25.87, -84.4
 25.98, -84.38
 26.12, -84.48
 26.12, -84.49
 26.22, -84.6
 26.26, -84.65
 26.32, -84.72
 26.4, -84.84
 26.4, -84.85
 26.46, -84.97
 26.52, -85.1
 26.57, -85.2
 26.58, -85.22
 26.64, -85.35
 26.72, -85.46
 26.73, -85.47
 26.82, -85.59
 26.86, -85.66
 26.91, -85.71
 27.0, -85.83
 27.01, -85.83
 27.07, -85.96
 27.09, -86.09
 27.08, -86.23
 27.05, -86.28
 27.02, -86.24
 26.92, -86.18
 26.87, -86.12
 26.79, -86.06
 26.73, -86.01
 26.66, -85.96
 26.56, -85.9
 26.53, -85.88
 26.4, -85.8
 26.38, -85.79
 26.27, -85.71
 26.22, -85.68
 26.13, -85.6
 26.09, -85.56
 26.0, -85.44
 26.0, -85.44
 25.91, -85.32
 25.85, -85.2
 25.84, -85.18
 25.81, -85.07
End:

Title: Significant Tornado (Effective) 20Z HRRR | Valid: 21:30Z Sun Apr 11 2021
RefreshSeconds: 60
TimeRange: 2021-04-11T21:15:00Z 2021-04-11T21:45:00Z
Color: 236 144 74 255
Line: 1, 0, "0.25"
 25.24, -100.13
 25.36, -100.15
 25.39, -100.16
 25.48, -100.23
 25.53, -100.3
 25.53, -100.43
 25.47, -100.5
 25.35, -100.53
 25.23, -100.53
End:

Color: 236 144 74 255
Line: 1, 0, "0.25"
 23.3, -77.59
 23.42, -77.58
 23.51, -77.57
 23.54, -77.57
 23.66, -77.59
 23.79, -77.61
 23.88, -77.5
 23.88, -77.48
 23.97, -77.35
 23.99, -77.33
 24.07, -77.21
 24.1, -77.16
 24.16, -77.06
 24.2, -77.01
 24.25, -76.94
 24.36, -76.87
 24.47, -76.83
 24.59, -76.79
 24.69, -76.75
 24.7, -76.75
 24.81, -76.7
 24.92, -76.65
 25.03, -76.59
 25.14, -76.54
 25.26, -76.49
 25.37, -76.45
 25.43, -76.43
 25.48, -76.41
 25.6, -76.37
 25.71, -76.33
 25.82, -76.3
 25.94, -76.27
 26.05, -76.23
 26.17, -76.18
 26.28, -76.12
 26.37, -76.05
 26.38, -76.04
 26.48, -75.93
 26.54, -75.86
 26.58, -75.8
 26.64, -75.7
 26.67, -75.66
 26.77, -75.54
 26.79, -75.52
 26.87, -75.46
 26.98, -75.38
 27.09, -75.32
 27.17, -75.28
 27.2, -75.26
 27.31, -75.2
 27.42, -75.15
 27.52, -75.06
 27.54, -75.04
 27.5, -74.95
 27.48, -74.91
 27.41, -74.8
 27.37, -74.67
 27.4, -74.52
 27.4, -74.52
 27.5, -74.41
 27.57, -74.33
 27.6, -74.31
 27.71, -74.23
 27.81, -74.15
 27.87, -74.1
 27.92, -74.08
 28.03, -74.01
 28.13, -73.93
 28.2, -73.87
 28.23, -73.84
 28.34, -73.74
 28.4, -73.67
 28.43, -73.63
 28.53, -73.53
 28.59, -73.47
 28.64, -73.42
 28.74, -73.32
 28.79, -73.26
 28.84, -73.22
 28.94, -73.11
 28.99, -73.06
 29.04, -73.01
 29.14, -72.91
 29.2, -72.85
 29.24, -72.81
 29.34, -72.72
 29.42, -72.64
 29.44, -72.62
 29.54, -72.51
 29.6, -72.44
 29.64, -72.4
 29.73, -72.27
 29.74, -72.25
 29.81, -72.1
 29.82, -72.08
 29.85, -71.93
End:

Color: 236 144 74 255
Line: 1, 0, "0.25"
 36.74, -69.45
 36.77, -69.54
 36.79, -69.59
 36.85, -69.73
 36.94, -69.85
 36.99, -69.92
 37.04, -69.97
 37.16, -70.08
 37.16, -70.09
 37.29, -70.2
 37.32, -70.22
 37.41, -70.31
 37.48, -70.38
 37.53, -70.43
 37.63, -70.55
 37.66, -70.58
 37.73, -70.67
 37.82, -70.8
 37.85, -70.85
 37.9, -70.93
 37.98, -71.06
 38.05, -71.19
 38.08, -71.27
 38.1, -71.34
 38.11, -71.42
 38.11, -71.49
 38.03, -71.62
 37.91, -71.66
 37.78, -71.65
 37.74, -71.63
 37.64, -71.59
 37.54, -71.54
 37.5, -71.52
 37.36, -71.45
 37.35, -71.44
 37.22, -71.4
 37.09, -71.42
 36.98, -71.47
 36.87, -71.56
 36.79, -71.66
 36.77, -71.67
 36.67, -71.79
 36.61, -71.88
 36.58, -71.92
 36.48, -72.03
 36.37, -72.12
 36.3, -72.14
 36.25, -72.16
 36.25, -72.16
 36.13, -72.17
 36.0, -72.18
 35.88, -72.19
 35.76, -72.22
 35.64, -72.24
 35.55, -72.25
 35.52, -72.26
 35.4, -72.28
 35.28, -72.33
 35.21, -72.37
 35.17, -72.39
 35.06, -72.48
 34.96, -72.58
 34.92, -72.62
 34.86, -72.69
 34.76, -72.8
 34.7, -72.85
 34.65, -72.89
 34.54, -72.96
 34.43, -73.01
 34.31, -73.06
 34.19, -73.1
 34.08, -73.15
 33.97, -73.21
 33.87, -73.27
 33.86, -73.28
 33.75, -73.36
 33.64, -73.44
 33.53, -73.51
 33.44, -73.56
 33.42, -73.58
 33.31, -73.63
 33.19, -73.67
 33.07, -73.69
 33.03, -73.69
 32.95, -73.7
 32.82, -73.72
 32.7, -73.74
 32.59, -73.78
 32.47, -73.82
 32.35, -73.86
 32.24, -73.91
 32.12, -73.95
 32.01, -73.99
 31.89, -74.02
 31.77, -74.03
 31.64, -74.04
 31.52, -74.05
 31.4, -74.08
 31.29, -74.12
 31.17, -74.17
 31.06, -74.22
 30.95, -74.28
 30.84, -74.35
 30.8, -74.38
 30.73, -74.43
 30.62, -74.51
 30.52, -74.6
 30.52, -74.61
 30.42, -74.72
 30.33, -74.81
 30.32, -74.82
 30.21, -74.91
 30.1, -74.98
 29.99, -75.04
 29.89, -75.08
 29.88, -75.08
 29.83, -75.09
 29.76, -75.11
 29.64, -75.13
 29.52, -75.16
 29.46, -75.2
 29.41, -75.22
 29.31, -75.32
 29.27, -75.4
 29.22, -75.48
 29.2, -75.56
 29.17, -75.71
 29.17, -75.83
 29.17, -75.85
 29.19, -75.98
 29.22, -76.12
 29.24, -76.25
 29.24, -76.4
 29.2, -76.55
 29.19, -76.55
 29.11, -76.71
 29.11, -76.73
 29.03, -76.88
 29.02, -76.89
 28.95, -77.04
 28.93, -77.08
 28.88, -77.19
 28.84, -77.26
 28.78, -77.36
 28.75, -77.41
 28.65, -77.51
 28.61, -77.54
 28.54, -77.61
 28.43, -77.69
 28.34, -77.75
 28.32, -77.76
 28.22, -77.84
 28.11, -77.9
 27.99, -77.94
 27.88, -77.99
 27.76, -78.02
 27.65, -78.06
 27.64, -78.06
 27.53, -78.1
 27.42, -78.15
 27.31, -78.22
 27.21, -78.3
 27.2, -78.31
 27.11, -78.44
 27.08, -78.47
 27.02, -78.61
 27.0, -78.63
 26.92, -78.77
 26.91, -78.78
 26.82, -78.86
 26.7, -78.88
 26.58, -78.86
 26.57, -78.86
 26.45, -78.86
 26.34, -78.88
 26.22, -78.94
 26.21, -78.94
 26.12, -79.03
 26.05, -79.12
 26.02, -79.17
 25.99, -79.26
 25.96, -79.41
 25.95, -79.47
 25.95, -79.54
 25.92, -79.69
 25.89, -79.76
 25.86, -79.83
 25.8, -79.97
 25.79, -79.98
 25.76, -80.12
 25.76, -80.26
 25.78, -80.39
 25.8, -80.52
 25.83, -80.65
 25.87, -80.77
 25.92, -80.9
 25.97, -80.99
 25.99, -81.02
 26.07, -81.14
 26.13, -81.22
 26.15, -81.26
 26.21, -81.38
 26.23, -81.51
 26.21, -81.65
 26.2, -81.68
 26.15, -81.8
 26.11, -81.86
 26.07, -81.95
 26.02, -82.08
 26.02, -82.09
 26.01, -82.22
 26.02, -82.36
 26.02, -82.49
 26.03, -82.62
 26.04, -82.76
 26.04, -82.89
 26.04, -83.02
 26.04, -83.03
 26.05, -83.16
 26.06, -83.29
 26.08, -83.42
 26.11, -83.48
 26.14, -83.54
 26.22, -83.66
 26.26, -83.71
 26.33, -83.78
 26.4, -83.85
 26.45, -83.9
 26.53, -83.97
 26.58, -84.01
 26.67, -84.09
 26.71, -84.12
 26.8, -84.2
 26.85, -84.23
 26.94, -84.29
 27.03, -84.34
 27.07, -84.36
 27.2, -84.43
 27.22, -84.45
 27.33, -84.52
 27.38, -84.56
 27.47, -84.66
 27.48, -84.68
 27.57, -84.8
 27.61, -84.87
 27.65, -84.92
 27.73, -85.05
 27.76, -85.1
 27.82, -85.17
 27.9, -85.29
 27.91, -85.31
 28.02, -85.41
 28.04, -85.44
 28.17, -85.47
 28.28, -85.38
 28.28, -85.37
 28.35, -85.23
 28.38, -85.18
 28.42, -85.08
 28.48, -84.99
 28.52, -84.92
 28.58, -84.86
 28.66, -84.76
 28.69, -84.74
 28.78, -84.61
 28.79, -84.58
 28.85, -84.46
 28.88, -84.37
 28.91, -84.31
 28.97, -84.16
 28.98, -84.14
 29.02, -84.01
 29.07, -83.9
 29.09, -83.86
 29.17, -83.72
 29.17, -83.71
 29.27, -83.59
 29.32, -83.54
 29.38, -83.49
 29.49, -83.4
 29.52, -83.37
 29.6, -83.3
 29.71, -83.21
 29.72, -83.19
 29.81, -83.12
 29.92, -83.03
 29.95, -83.01
 30.03, -82.94
 30.14, -82.84
 30.15, -82.83
 30.24, -82.7
 30.26, -82.67
 30.34, -82.51
 30.34, -82.51
 30.41, -82.36
 30.44, -82.32
 30.51, -82.2
 30.54, -82.16
 30.63, -82.03
 30.64, -82.02
 30.74, -81.88
 30.76, -81.86
 30.84, -81.76
 30.91, -81.69
 30.95, -81.65
 31.06, -81.56
 31.15, -81.5
 31.17, -81.48
 31.28, -81.42
 31.4, -81.35
 31.5, -81.28
 31.51, -81.28
 31.61, -81.17
 31.65, -81.1
 31.71, -81.01
 31.74, -80.94
 31.8, -80.8
 31.81, -80.78
 31.89, -80.62
 31.9, -80.61
 32.0, -80.48
 32.05, -80.44
 32.11, -80.39
 32.22, -80.33
 32.34, -80.29
 32.46, -80.27
 32.58, -80.27
 32.7, -80.26
 32.83, -80.25
 32.95, -80.23
 33.07, -80.21
 33.08, -80.21
 33.19, -80.23
 33.26, -80.32
 33.3, -80.46
 33.34, -80.59
 33.38, -80.73
 33.41, -80.87
 33.43, -80.99
 33.44, -81.01
 33.44, -81.02
 33.44, -81.16
 33.42, -81.31
 33.39, -81.47
 33.38, -81.48
 33.33, -81.63
 33.29, -81.71
 33.26, -81.79
 33.2, -81.93
 33.2, -81.95
 33.14, -82.11
 33.11, -82.17
 33.09, -82.27
 33.03, -82.42
 33.03, -82.43
 32.98, -82.58
 32.94, -82.69
 32.92, -82.74
 32.87, -82.89
 32.85, -82.94
 32.81, -83.05
 32.76, -83.17
 32.74, -83.21
 32.66, -83.36
 32.65, -83.37
 32.56, -83.52
 32.55, -83.54
 32.45, -83.67
 32.42, -83.7
 32.35, -83.8
 32.29, -83.87
 32.24, -83.93
 32.17, -84.04
 32.14, -84.09
 32.07, -84.2
 32.04, -84.24
 31.93, -84.37
 31.93, -84.37
 31.82, -84.47
 31.74, -84.54
 31.71, -84.58
 31.6, -84.7
 31.59, -84.71
 31.5, -84.86
 31.5, -84.87
 31.43, -85.03
 31.4, -85.08
 31.36, -85.18
 31.31, -85.29
 31.28, -85.33
 31.2, -85.46
 31.18, -85.49
 31.1, -85.63
 31.09, -85.65
 31.01, -85.8
 31.0, -85.82
 30.93, -85.96
 30.9, -86.0
 30.79, -86.12
 30.79, -86.12
 30.68, -86.2
 30.56, -86.23
 30.44, -86.24
 30.32, -86.24
 30.19, -86.22
 30.14, -86.21
 30.07, -86.21
 29.95, -86.24
 29.95, -86.24
 29.84, -86.31
 29.73, -86.4
 29.72, -86.41
 29.62, -86.56
 29.62, -86.57
 29.57, -86.71
 29.52, -86.81
 29.5, -86.86
 29.43, -87.01
 29.43, -87.02
 29.35, -87.16
 29.32, -87.21
 29.27, -87.31
 29.22, -87.41
 29.2, -87.45
 29.14, -87.6
 29.12, -87.63
 29.08, -87.75
 29.02, -87.87
 29.02, -87.89
 28.96, -88.04
 28.92, -88.12
 28.9, -88.18
 28.85, -88.33
 28.83, -88.37
 28.79, -88.47
 28.72, -88.59
 28.71, -88.62
 28.63, -88.76
 28.62, -88.78
 28.55, -88.91
 28.51, -88.98
 28.49, -89.05
 28.46, -89.19
 28.44, -89.33
 28.43, -89.39
 28.42, -89.47
 28.39, -89.61
 28.34, -89.75
 28.34, -89.77
 28.29, -89.89
 28.23, -89.99
 28.2, -90.04
 28.12, -90.14
 28.08, -90.19
 28.01, -90.26
 27.94, -90.34
 27.9, -90.39
 27.82, -90.48
 27.79, -90.53
 27.72, -90.63
 27.68, -90.7
 27.63, -90.77
 27.57, -90.87
 27.53, -90.91
 27.46, -91.01
 27.42, -91.06
 27.35, -91.15
 27.31, -91.2
 27.24, -91.31
 27.21, -91.34
 27.13, -91.48
 27.13, -91.48
 27.04, -91.62
 27.02, -91.66
 26.96, -91.76
 26.91, -91.88
 26.9, -91.9
 26.86, -92.04
 26.81, -92.18
 26.81, -92.19
 26.74, -92.32
 26.7, -92.4
 26.62, -92.46
 26.58, -92.49
 26.46, -92.47
 26.46, -92.47
 26.34, -92.43
 26.22, -92.44
 26.14, -92.49
 26.11, -92.51
 25.99, -92.6
 25.91, -92.63
 25.88, -92.65
 25.86, -92.64
 25.75, -92.52
 25.74, -92.51
 25.71, -92.38
 25.7, -92.25
 25.7, -92.12
 25.72, -91.98
 25.72, -91.95
 25.73, -91.85
 25.73, -91.72
 25.7, -91.66
 25.62, -91.59
 25.58, -91.59
 25.46, -91.58
 25.34, -91.59
 25.22, -91.61
 25.11, -91.62
End:

Color: 236 144 74 255
Line: 1, 0, "0.25"
 23.94, -77.86
 23.96, -77.89
 24.02, -77.98
 24.12, -78.09
 24.12, -78.09
 24.24, -78.19
 24.27, -78.21
 24.36, -78.3
 24.42, -78.36
 24.46, -78.41
 24.56, -78.52
 24.57, -78.53
 24.71, -78.61
 24.72, -78.61
 24.83, -78.61
 24.94, -78.57
 24.95, -78.56
 25.05, -78.49
 25.15, -78.39
 25.16, -78.38
 25.18, -78.24
 25.11, -78.19
 25.05, -78.14
 24.97, -78.1
 24.87, -78.05
 24.84, -78.03
 24.7, -77.95
 24.7, -77.95
 24.56, -77.87
 24.53, -77.86
 24.43, -77.82
 24.3, -77.78
 24.3, -77.78
 24.18, -77.76
 24.05, -77.74
 23.93, -77.73
 23.93, -77.73
 23.93, -77.74
 23.94, -77.86
End:

Color: 236 144 74 255
Line: 1, 0, "0.25"
 35.81, -76.19
 35.71, -76.06
 35.74, -75.9
 35.77, -75.85
 35.87, -75.73
 35.94, -75.69
 35.99, -75.67
 36.03, -75.66
 36.11, -75.66
 36.24, -75.7
 36.31, -75.73
 36.4, -75.86
 36.36, -76.03
 36.32, -76.07
 36.21, -76.14
 36.09, -76.19
 35.97, -76.21
 35.84, -76.2
 35.81, -76.19
End:

Color: 236 144 74 255
Line: 1, 0, "0.5"
 24.29, -83.41
 24.35, -83.32
 24.35, -83.19
 24.25, -83.12
End:

Color: 236 144 74 255
Line: 1, 0, "0.5"
 23.42, -78.2
 23.54, -78.2
 23.59, -78.21
 23.67, -78.23
 23.79, -78.3
 23.8, -78.3
 23.94, -78.4
 23.94, -78.4
 24.06, -78.5
 24.09, -78.53
 24.16, -78.61
 24.23, -78.72
 24.25, -78.75
 24.3, -78.84
 24.38, -78.96
 24.42, -79.0
 24.5, -79.06
 24.55, -79.09
 24.68, -79.12
 24.8, -79.09
 24.9, -79.02
 24.97, -78.96
 25.01, -78.93
 25.11, -78.83
 25.16, -78.78
 25.21, -78.74
 25.32, -78.66
 25.43, -78.59
 25.46, -78.58
 25.54, -78.53
 25.65, -78.47
 25.76, -78.4
 25.81, -78.36
 25.86, -78.3
 25.94, -78.19
 25.93, -78.06
 25.81, -78.02
 25.68, -78.0
 25.65, -77.99
 25.56, -77.99
 25.44, -77.99
 25.31, -77.98
 25.23, -77.96
 25.19, -77.95
 25.06, -77.91
 24.99, -77.88
 24.92, -77.85
 24.83, -77.79
 24.78, -77.75
 24.7, -77.68
 24.64, -77.63
 24.57, -77.58
 24.49, -77.5
 24.45, -77.48
 24.46, -77.35
 24.46, -77.34
 24.56, -77.24
 24.66, -77.16
 24.67, -77.16
 24.77, -77.1
 24.88, -77.04
 24.99, -76.98
 25.1, -76.92
 25.14, -76.9
 25.21, -76.87
 25.33, -76.83
 25.44, -76.79
 25.56, -76.77
 25.67, -76.74
 25.79, -76.73
 25.84, -76.73
 25.91, -76.72
 26.04, -76.72
 26.16, -76.72
 26.28, -76.72
 26.37, -76.73
 26.4, -76.73
 26.53, -76.75
 26.66, -76.77
 26.76, -76.77
 26.78, -76.77
 26.87, -76.74
 26.89, -76.73
 27.0, -76.66
 27.11, -76.58
 27.18, -76.52
 27.21, -76.49
 27.32, -76.41
 27.42, -76.33
 27.45, -76.31
 27.53, -76.25
 27.64, -76.18
 27.75, -76.12
 27.86, -76.07
 27.88, -76.06
 27.97, -76.01
 28.08, -75.95
 28.19, -75.89
 28.31, -75.84
 28.42, -75.8
 28.54, -75.78
 28.67, -75.81
 28.71, -75.83
 28.82, -75.93
 28.83, -75.94
 28.9, -76.06
 28.96, -76.19
 28.98, -76.32
 28.97, -76.47
 28.95, -76.55
 28.93, -76.62
 28.88, -76.77
 28.87, -76.79
 28.82, -76.93
 28.79, -77.01
 28.76, -77.09
 28.71, -77.19
 28.67, -77.25
 28.61, -77.32
 28.51, -77.42
 28.49, -77.43
 28.4, -77.5
 28.29, -77.57
 28.18, -77.64
 28.13, -77.66
 28.07, -77.7
 27.95, -77.74
 27.83, -77.76
 27.73, -77.76
 27.71, -77.76
 27.59, -77.78
 27.48, -77.81
 27.45, -77.83
 27.37, -77.88
 27.26, -77.96
 27.18, -78.03
 27.16, -78.06
 27.05, -78.16
 27.0, -78.22
 26.95, -78.27
 26.85, -78.37
 26.83, -78.39
 26.75, -78.47
 26.64, -78.53
 26.52, -78.57
 26.4, -78.6
 26.29, -78.64
 26.22, -78.67
 26.18, -78.69
 26.07, -78.75
 25.96, -78.84
 25.94, -78.87
 25.86, -78.96
 25.82, -79.03
 25.78, -79.16
 25.77, -79.18
 25.75, -79.32
 25.75, -79.45
 25.73, -79.58
 25.73, -79.59
 25.68, -79.74
 25.65, -79.81
 25.6, -79.89
 25.56, -79.98
 25.51, -80.04
 25.48, -80.18
 25.48, -80.23
 25.49, -80.31
 25.5, -80.35
 25.52, -80.44
 25.53, -80.49
 25.53, -80.58
 25.48, -80.72
 25.45, -80.77
 25.35, -80.86
 25.28, -80.89
 25.24, -80.92
 25.13, -81.03
 25.12, -81.06
 25.13, -81.19
 25.17, -81.32
 25.19, -81.36
 25.22, -81.44
 25.27, -81.56
 25.31, -81.69
 25.33, -81.82
 25.37, -81.94
 25.41, -81.99
 25.53, -82.05
 25.54, -82.05
 25.66, -82.05
 25.77, -82.14
 25.8, -82.18
 25.83, -82.26
 25.86, -82.39
 25.88, -82.52
 25.9, -82.65
 25.92, -82.78
 25.93, -82.91
 25.93, -83.04
 25.93, -83.11
 25.93, -83.18
 25.94, -83.31
 25.97, -83.44
 25.98, -83.48
 26.02, -83.56
 26.1, -83.68
 26.14, -83.74
 26.2, -83.8
 26.28, -83.89
 26.31, -83.92
 26.42, -84.02
 26.43, -84.03
 26.55, -84.15
 26.56, -84.15
 26.69, -84.26
 26.69, -84.26
 26.83, -84.36
 26.84, -84.37
 26.96, -84.44
 27.02, -84.48
 27.09, -84.51
 27.2, -84.58
 27.22, -84.59
 27.34, -84.7
 27.35, -84.71
 27.45, -84.82
 27.49, -84.89
 27.53, -84.94
 27.61, -85.06
 27.64, -85.12
 27.69, -85.19
 27.77, -85.31
 27.79, -85.35
 27.85, -85.44
 27.93, -85.56
 27.94, -85.58
 28.04, -85.68
 28.08, -85.72
 28.2, -85.75
 28.32, -85.7
 28.38, -85.63
 28.42, -85.58
 28.48, -85.48
 28.52, -85.39
 28.55, -85.33
 28.62, -85.19
 28.62, -85.18
 28.72, -85.04
 28.73, -85.03
 28.83, -84.92
 28.87, -84.87
 28.93, -84.78
 28.97, -84.71
 29.03, -84.59
 29.04, -84.56
 29.11, -84.41
 29.13, -84.38
 29.2, -84.26
 29.23, -84.21
 29.31, -84.1
 29.33, -84.07
 29.44, -83.97
 29.49, -83.93
 29.55, -83.88
 29.66, -83.81
 29.75, -83.75
 29.77, -83.73
 29.89, -83.65
 30.0, -83.57
 30.0, -83.56
 30.11, -83.48
 30.22, -83.42
 30.34, -83.36
 30.35, -83.36
 30.45, -83.31
 30.56, -83.21
 30.58, -83.18
 30.63, -83.03
 30.64, -82.92
 30.65, -82.88
 30.66, -82.74
 30.69, -82.59
 30.71, -82.51
 30.73, -82.44
 30.8, -82.28
 30.8, -82.28
 30.9, -82.13
 30.91, -82.12
 31.0, -82.02
 31.11, -81.94
 31.12, -81.93
 31.23, -81.88
 31.35, -81.83
 31.46, -81.8
 31.58, -81.76
 31.69, -81.7
 31.74, -81.66
 31.8, -81.61
 31.87, -81.49
 31.9, -81.44
 31.95, -81.33
 31.99, -81.24
 32.03, -81.17
 32.08, -81.03
 32.1, -81.01
 32.18, -80.87
 32.23, -80.84
 32.29, -80.8
 32.42, -80.78
 32.44, -80.79
 32.54, -80.82
 32.67, -80.89
 32.68, -80.89
 32.78, -81.01
 32.84, -81.14
 32.85, -81.19
 32.87, -81.28
 32.89, -81.43
 32.89, -81.48
 32.89, -81.57
 32.89, -81.72
 32.87, -81.87
 32.85, -82.02
 32.85, -82.02
 32.82, -82.17
 32.79, -82.32
 32.78, -82.4
 32.76, -82.48
 32.72, -82.63
 32.7, -82.71
 32.67, -82.79
 32.62, -82.94
 32.61, -82.98
 32.56, -83.1
 32.52, -83.2
 32.48, -83.26
 32.42, -83.36
 32.36, -83.43
 32.31, -83.48
 32.2, -83.57
 32.12, -83.61
 32.08, -83.64
 31.97, -83.71
 31.88, -83.8
 31.86, -83.82
 31.79, -83.96
 31.76, -84.01
 31.72, -84.12
 31.67, -84.2
 31.62, -84.28
 31.56, -84.35
 31.49, -84.44
 31.46, -84.49
 31.37, -84.61
 31.35, -84.63
 31.26, -84.77
 31.25, -84.79
 31.18, -84.92
 31.15, -85.0
 31.11, -85.08
 31.05, -85.2
 31.04, -85.23
 30.95, -85.38
 30.95, -85.39
 30.85, -85.54
 30.85, -85.55
 30.76, -85.7
 30.75, -85.72
 30.64, -85.86
 30.64, -85.86
 30.53, -85.93
 30.41, -85.94
 30.28, -85.91
 30.28, -85.91
 30.15, -85.85
 30.04, -85.81
 30.02, -85.8
 29.91, -85.82
 29.88, -85.83
 29.79, -85.9
 29.7, -86.0
 29.68, -86.01
 29.59, -86.15
 29.58, -86.17
 29.52, -86.3
 29.48, -86.38
 29.46, -86.45
 29.41, -86.59
 29.39, -86.65
 29.35, -86.74
 29.29, -86.86
 29.27, -86.89
 29.19, -87.04
 29.19, -87.05
 29.11, -87.19
 29.08, -87.25
 29.05, -87.34
 28.99, -87.48
 28.99, -87.49
 28.93, -87.63
 28.89, -87.74
 28.88, -87.77
 28.82, -87.92
 28.79, -87.99
 28.77, -88.06
 28.71, -88.2
 28.69, -88.25
 28.66, -88.35
 28.59, -88.49
 28.59, -88.49
 28.53, -88.64
 28.49, -88.7
 28.45, -88.78
 28.39, -88.89
 28.37, -88.93
 28.32, -89.07
 28.29, -89.2
 28.29, -89.21
 28.27, -89.35
 28.25, -89.49
 28.21, -89.63
 28.21, -89.65
 28.16, -89.77
 28.1, -89.87
 28.08, -89.91
 27.99, -90.03
 27.97, -90.06
 27.88, -90.17
 27.86, -90.21
 27.77, -90.31
 27.74, -90.35
 27.66, -90.46
 27.64, -90.5
 27.55, -90.61
 27.53, -90.64
 27.44, -90.75
 27.4, -90.79
 27.33, -90.86
 27.24, -90.94
 27.22, -90.96
 27.1, -91.05
 27.04, -91.09
 26.99, -91.13
 26.87, -91.21
 26.79, -91.24
 26.76, -91.26
 26.71, -91.25
 26.63, -91.23
 26.52, -91.13
 26.51, -91.12
 26.41, -91.0
 26.38, -90.95
 26.32, -90.88
 26.25, -90.78
 26.2, -90.75
 26.12, -90.71
 26.0, -90.72
 25.9, -90.78
 25.89, -90.79
 25.78, -90.89
 25.75, -90.92
 25.67, -91.01
 25.61, -91.06
 25.55, -91.12
 25.44, -91.21
 25.44, -91.21
 25.32, -91.28
 25.21, -91.34
 25.14, -91.36
 25.09, -91.38
End:

Color: 236 144 74 255
Line: 1, 0, "0.5"
 36.07, -69.71
 36.12, -69.85
 36.18, -69.99
 36.23, -70.12
 36.29, -70.26
 36.33, -70.4
 36.38, -70.54
 36.38, -70.57
 36.42, -70.68
 36.45, -70.83
 36.46, -70.87
 36.47, -70.98
 36.43, -71.15
 36.41, -71.21
 36.32, -71.35
 36.31, -71.36
 36.21, -71.43
 36.1, -71.49
 35.98, -71.55
 35.87, -71.6
 35.76, -71.65
 35.64, -71.71
 35.53, -71.76
 35.41, -71.81
 35.3, -71.86
 35.27, -71.88
 35.19, -71.93
 35.08, -72.01
 34.97, -72.1
 34.88, -72.17
 34.87, -72.18
 34.76, -72.27
 34.65, -72.35
 34.54, -72.42
 34.43, -72.48
 34.37, -72.5
 34.31, -72.52
 34.26, -72.53
 34.2, -72.56
 34.08, -72.6
 34.06, -72.6
 33.96, -72.64
 33.85, -72.7
 33.74, -72.75
 33.62, -72.8
 33.51, -72.84
 33.39, -72.87
 33.26, -72.88
 33.23, -72.88
 33.14, -72.89
 33.02, -72.9
 32.89, -72.92
 32.78, -72.95
 32.66, -72.99
 32.55, -73.04
 32.43, -73.1
 32.33, -73.17
 32.33, -73.17
 32.22, -73.25
 32.11, -73.34
 32.0, -73.4
 31.88, -73.44
 31.76, -73.46
 31.64, -73.46
 31.52, -73.47
 31.4, -73.5
 31.28, -73.55
 31.17, -73.6
 31.06, -73.65
 30.94, -73.69
 30.82, -73.73
 30.71, -73.79
 30.68, -73.83
 30.61, -73.89
 30.53, -74.02
 30.52, -74.04
 30.42, -74.17
 30.4, -74.21
 30.32, -74.28
 30.22, -74.38
 30.16, -74.42
 30.11, -74.45
 29.99, -74.47
 29.99, -74.47
 29.87, -74.37
 29.84, -74.32
 29.76, -74.25
 29.69, -74.23
 29.57, -74.25
 29.46, -74.3
 29.35, -74.35
 29.23, -74.39
 29.11, -74.4
 28.98, -74.36
 28.95, -74.35
 28.85, -74.24
 28.81, -74.11
 28.83, -73.96
 28.87, -73.88
 28.91, -73.8
 28.96, -73.73
 29.05, -73.62
 29.06, -73.61
 29.15, -73.52
 29.26, -73.42
 29.28, -73.4
 29.36, -73.33
 29.46, -73.25
 29.55, -73.17
 29.57, -73.16
 29.67, -73.06
 29.77, -72.96
 29.78, -72.96
 29.87, -72.86
 29.97, -72.75
 29.97, -72.75
 30.07, -72.65
 30.16, -72.55
 30.17, -72.53
 30.27, -72.42
 30.31, -72.35
 30.36, -72.28
 30.42, -72.17
 30.45, -72.13
 30.52, -71.99
 30.53, -71.96
 30.59, -71.83
 30.6, -71.74
 30.62, -71.67
End:

Color: 236 144 74 255
Line: 2, 0, "1.0"
 24.95, -89.35
 25.07, -89.31
 25.17, -89.26
 25.18, -89.25
 25.29, -89.16
 25.35, -89.11
 25.4, -89.03
 25.44, -88.97
 25.48, -88.83
 25.5, -88.76
 25.51, -88.69
 25.51, -88.56
 25.5, -88.43
 25.47, -88.3
 25.45, -88.25
 25.42, -88.17
 25.36, -88.05
 25.3, -87.94
 25.29, -87.92
 25.23, -87.8
 25.16, -87.7
 25.15, -87.68
 25.03, -87.56
 25.03, -87.56
 24.9, -87.51
 24.78, -87.5
End:

Color: 236 144 74 255
Line: 2, 0, "1.0"
 24.42, -84.3
 24.51, -84.21
 24.52, -84.2
 24.58, -84.07
 24.61, -83.97
 24.62, -83.93
 24.65, -83.79
 24.69, -83.66
 24.69, -83.65
 24.74, -83.51
 24.78, -83.44
 24.82, -83.37
 24.87, -83.27
 24.91, -83.22
 24.97, -83.1
 24.98, -83.08
 25.04, -82.93
 25.06, -82.9
 25.16, -82.78
 25.17, -82.78
 25.27, -82.71
 25.38, -82.65
 25.5, -82.61
 25.62, -82.64
 25.66, -82.69
 25.71, -82.81
 25.74, -82.94
 25.75, -83.08
 25.75, -83.21
 25.76, -83.34
 25.79, -83.47
 25.85, -83.59
 25.89, -83.64
 25.93, -83.71
 26.03, -83.83
 26.03, -83.83
 26.14, -83.95
 26.17, -83.97
 26.26, -84.06
 26.31, -84.11
 26.38, -84.18
 26.45, -84.25
 26.5, -84.29
 26.58, -84.36
 26.64, -84.4
 26.72, -84.47
 26.79, -84.51
 26.85, -84.56
 26.96, -84.62
 26.98, -84.64
 27.11, -84.73
 27.12, -84.73
 27.25, -84.84
 27.26, -84.85
 27.36, -84.97
 27.39, -84.99
 27.46, -85.09
 27.53, -85.2
 27.54, -85.21
 27.62, -85.34
 27.68, -85.46
 27.69, -85.46
 27.75, -85.59
 27.81, -85.72
 27.84, -85.79
 27.88, -85.84
 27.96, -85.97
 27.99, -86.01
 28.09, -86.09
 28.12, -86.11
 28.25, -86.15
 28.36, -86.14
 28.48, -86.09
 28.57, -86.02
 28.59, -86.0
 28.7, -85.89
 28.73, -85.86
 28.81, -85.76
 28.85, -85.7
 28.91, -85.62
 28.98, -85.54
 29.02, -85.5
 29.13, -85.41
 29.18, -85.38
 29.24, -85.34
 29.35, -85.24
 29.37, -85.21
 29.45, -85.06
 29.45, -85.05
 29.54, -84.9
 29.55, -84.88
 29.67, -84.79
 29.78, -84.73
 29.82, -84.72
 29.9, -84.69
 30.01, -84.66
 30.13, -84.62
 30.24, -84.54
 30.26, -84.51
 30.34, -84.37
 30.35, -84.35
 30.45, -84.22
 30.48, -84.19
 30.56, -84.12
 30.67, -84.04
 30.76, -84.0
 30.78, -83.99
 30.9, -83.95
 31.02, -83.95
 31.03, -83.95
 31.1, -84.08
 31.07, -84.23
 31.06, -84.26
 31.02, -84.38
 30.97, -84.49
 30.95, -84.53
 30.87, -84.69
 30.87, -84.69
 30.77, -84.84
 30.76, -84.85
 30.66, -84.96
 30.59, -85.02
 30.55, -85.06
 30.44, -85.18
 30.44, -85.18
 30.33, -85.24
 30.2, -85.23
 30.18, -85.22
 30.08, -85.2
 29.96, -85.2
 29.84, -85.22
 29.72, -85.25
 29.6, -85.3
 29.57, -85.32
 29.49, -85.35
 29.38, -85.43
 29.34, -85.49
 29.28, -85.62
 29.27, -85.64
 29.23, -85.79
 29.21, -85.93
 29.2, -86.06
 29.2, -86.07
 29.19, -86.21
 29.17, -86.35
 29.13, -86.49
 29.13, -86.5
 29.06, -86.64
 29.03, -86.7
 28.98, -86.79
 28.93, -86.9
 28.91, -86.94
 28.85, -87.08
 28.83, -87.12
 28.79, -87.23
 28.74, -87.37
 28.74, -87.39
 28.69, -87.52
 28.65, -87.66
 28.64, -87.67
 28.6, -87.8
 28.55, -87.95
 28.55, -87.96
 28.5, -88.09
 28.45, -88.21
 28.44, -88.24
 28.39, -88.38
 28.35, -88.46
 28.33, -88.52
 28.26, -88.67
 28.25, -88.69
 28.19, -88.81
 28.15, -88.9
 28.12, -88.96
 28.07, -89.1
 28.05, -89.16
 28.02, -89.24
 27.98, -89.38
 27.95, -89.46
 27.93, -89.52
 27.86, -89.66
 27.85, -89.68
 27.78, -89.81
 27.74, -89.89
 27.71, -89.95
 27.64, -90.08
 27.63, -90.09
 27.53, -90.24
 27.53, -90.24
 27.42, -90.36
 27.39, -90.38
 27.3, -90.45
 27.19, -90.51
 27.07, -90.54
 26.95, -90.52
 26.83, -90.43
 26.82, -90.43
 26.75, -90.31
 26.69, -90.19
 26.68, -90.18
 26.58, -90.05
 26.55, -90.02
 26.43, -89.95
 26.35, -89.94
 26.31, -89.94
 26.28, -89.95
 26.19, -89.97
 26.08, -90.04
 25.97, -90.11
 25.96, -90.11
 25.85, -90.18
 25.73, -90.25
 25.72, -90.26
 25.62, -90.33
 25.53, -90.41
 25.51, -90.43
 25.41, -90.55
 25.4, -90.56
 25.3, -90.69
 25.29, -90.71
 25.18, -90.83
 25.16, -90.84
 25.06, -90.9
End:

Color: 236 144 74 255
Line: 2, 0, "1.0"
 24.11, -82.15
 24.22, -82.09
 24.33, -82.01
 24.33, -82.0
 24.43, -81.93
 24.55, -81.88
 24.67, -81.88
 24.76, -81.93
 24.81, -82.0
 24.82, -82.05
 24.84, -82.17
 24.84, -82.22
 24.84, -82.31
 24.82, -82.44
 24.77, -82.57
 24.76, -82.59
 24.67, -82.67
 24.55, -82.71
 24.43, -82.72
 24.32, -82.72
 24.2, -82.73
End:

Color: 236 144 74 255
Line: 2, 0, "1.0"
 23.76, -80.02
 23.88, -80.01
 24.0, -80.02
 24.12, -80.05
 24.16, -80.06
 24.25, -80.1
 24.34, -80.16
 24.4, -80.27
 24.4, -80.27
 24.41, -80.28
 24.41, -80.41
 24.37, -80.55
 24.34, -80.61
 24.3, -80.69
 24.25, -80.79
 24.21, -80.84
 24.16, -80.94
 24.11, -80.99
 24.06, -81.07
 23.95, -81.15
End:

Color: 236 144 74 255
Line: 2, 0, "1.0"
 25.81, -87.2
 25.83, -87.21
 25.87, -87.19
 25.83, -87.19
 25.81, -87.2
End:

Color: 236 144 74 255
Line: 2, 0, "1.0"
 34.05, -71.54
 33.98, -71.41
 33.99, -71.26
 34.01, -71.22
 34.06, -71.08
 34.09, -71.04
 34.18, -70.91
 34.22, -70.87
 34.28, -70.8
 34.39, -70.71
 34.5, -70.64
 34.59, -70.58
 34.61, -70.57
 34.72, -70.51
 34.83, -70.46
 34.95, -70.43
 35.02, -70.42
 35.08, -70.42
 35.21, -70.44
 35.29, -70.48
 35.36, -70.52
 35.43, -70.58
 35.5, -70.71
 35.51, -70.87
 35.46, -70.96
 35.41, -71.06
 35.37, -71.1
 35.27, -71.2
 35.16, -71.3
 35.16, -71.3
 35.06, -71.38
 34.95, -71.46
 34.84, -71.53
 34.73, -71.58
 34.61, -71.62
 34.49, -71.64
 34.36, -71.65
 34.23, -71.63
 34.23, -71.63
 34.09, -71.56
 34.05, -71.54
End:

Color: 233 70 57 255
Line: 2, 0, "2.0"
 24.49, -84.88
 24.52, -84.87
 24.6, -84.83
 24.71, -84.74
 24.75, -84.7
 24.82, -84.64
 24.9, -84.55
 24.92, -84.52
 25.03, -84.41
 25.05, -84.39
 25.14, -84.32
 25.25, -84.26
 25.36, -84.22
 25.41, -84.2
 25.48, -84.17
 25.58, -84.08
 25.67, -84.02
 25.7, -84.01
 25.73, -84.01
 25.82, -84.02
 25.95, -84.09
 25.97, -84.11
 26.08, -84.19
 26.11, -84.22
 26.22, -84.32
 26.23, -84.33
 26.35, -84.45
 26.36, -84.45
 26.48, -84.56
 26.49, -84.57
 26.62, -84.68
 26.62, -84.68
 26.76, -84.79
 26.76, -84.79
 26.88, -84.91
 26.9, -84.92
 27.01, -85.02
 27.03, -85.04
 27.14, -85.14
 27.17, -85.16
 27.26, -85.25
 27.3, -85.3
 27.36, -85.37
 27.44, -85.5
 27.45, -85.53
 27.49, -85.63
 27.53, -85.76
 27.57, -85.89
 27.62, -86.02
 27.63, -86.07
 27.66, -86.15
 27.7, -86.28
 27.74, -86.41
 27.79, -86.54
 27.81, -86.57
 27.87, -86.66
 27.95, -86.76
 27.97, -86.79
 28.08, -86.91
 28.08, -86.92
 28.15, -87.04
 28.18, -87.17
 28.18, -87.31
 28.17, -87.45
 28.15, -87.58
 28.15, -87.59
 28.11, -87.73
 28.06, -87.87
 28.06, -87.88
 27.99, -88.01
 27.96, -88.09
 27.92, -88.16
 27.85, -88.27
 27.83, -88.31
 27.75, -88.45
 27.75, -88.45
 27.66, -88.6
 27.64, -88.63
 27.58, -88.74
 27.54, -88.82
 27.49, -88.89
 27.43, -88.97
 27.37, -89.03
 27.32, -89.08
 27.2, -89.13
 27.08, -89.07
 27.07, -89.06
 27.02, -88.94
 27.0, -88.8
 27.0, -88.67
 27.02, -88.53
 27.03, -88.5
 27.06, -88.39
 27.09, -88.25
 27.12, -88.16
 27.13, -88.11
 27.18, -87.97
 27.21, -87.86
 27.22, -87.83
 27.26, -87.69
 27.28, -87.56
 27.26, -87.42
 27.21, -87.29
 27.15, -87.19
 27.14, -87.17
 27.04, -87.04
 27.01, -86.99
 26.96, -86.92
 26.9, -86.79
 26.86, -86.71
 26.84, -86.67
 26.77, -86.54
 26.71, -86.45
 26.69, -86.42
 26.58, -86.31
 26.56, -86.3
 26.45, -86.24
 26.34, -86.2
 26.32, -86.19
 26.2, -86.17
 26.08, -86.18
 25.96, -86.21
 25.85, -86.26
 25.84, -86.26
 25.74, -86.31
 25.62, -86.36
 25.51, -86.41
 25.39, -86.44
 25.27, -86.45
 25.15, -86.43
 25.03, -86.37
 25.02, -86.37
 24.9, -86.29
 24.84, -86.27
 24.77, -86.24
 24.65, -86.22
End:

Color: 233 70 57 255
Line: 3, 0, "3.0"
 25.77, -85.21
 25.76, -85.08
 25.8, -84.94
 25.81, -84.9
 25.84, -84.8
 25.9, -84.66
 25.9, -84.65
 26.01, -84.58
 26.12, -84.62
 26.14, -84.63
 26.27, -84.72
 26.28, -84.73
 26.4, -84.84
 26.41, -84.84
 26.51, -84.96
 26.55, -85.01
 26.6, -85.08
 26.69, -85.2
 26.69, -85.2
 26.79, -85.32
 26.83, -85.38
 26.89, -85.44
 26.97, -85.56
 26.98, -85.57
 27.03, -85.69
 27.07, -85.82
 27.09, -85.96
 27.03, -86.05
 26.92, -85.98
 26.9, -85.97
 26.77, -85.91
 26.71, -85.87
 26.64, -85.84
 26.52, -85.77
 26.51, -85.77
 26.39, -85.69
 26.33, -85.66
 26.25, -85.6
 26.19, -85.55
 26.12, -85.48
 26.06, -85.43
 25.99, -85.37
 25.91, -85.32
 25.86, -85.27
 25.77, -85.21
End:

Title: Significant Tornado (Effective) 20Z HRRR | Valid: 22:00Z Sun Apr 11 2021
RefreshSeconds: 60
TimeRange: 2021-04-11T21:45:00Z 2021-04-11T22:15:00Z
Color: 236 144 74 255
Line: 1, 0, "0.25"
 25.24, -100.08
 25.36, -100.1
 25.48, -100.16
 25.49, -100.16
 25.58, -100.3
 25.58, -100.43
 25.47, -100.55
 25.44, -100.56
 25.35, -100.58
 25.23, -100.57
End:

Color: 236 144 74 255
Line: 1, 0, "0.25"
 23.27, -77.46
 23.39, -77.43
 23.5, -77.4
 23.62, -77.36
 23.73, -77.32
 23.83, -77.25
 23.87, -77.22
 23.94, -77.16
 24.04, -77.07
 24.09, -77.03
 24.14, -76.99
 24.25, -76.92
 24.36, -76.86
 24.47, -76.82
 24.56, -76.78
 24.58, -76.77
 24.7, -76.74
 24.81, -76.69
 24.92, -76.65
 25.03, -76.59
 25.14, -76.54
 25.25, -76.48
 25.3, -76.46
 25.36, -76.43
 25.48, -76.38
 25.59, -76.35
 25.71, -76.31
 25.82, -76.28
 25.93, -76.24
 26.05, -76.2
 26.16, -76.16
 26.27, -76.1
 26.34, -76.05
 26.38, -76.02
 26.46, -75.88
 26.47, -75.87
 26.51, -75.73
 26.54, -75.64
 26.57, -75.58
 26.63, -75.47
 26.7, -75.41
 26.73, -75.39
 26.84, -75.34
 26.96, -75.3
 27.07, -75.26
 27.19, -75.22
 27.3, -75.18
 27.42, -75.14
 27.54, -75.12
 27.65, -75.09
 27.76, -75.0
 27.77, -74.97
 27.75, -74.84
 27.7, -74.77
 27.67, -74.72
 27.59, -74.61
 27.52, -74.49
 27.53, -74.34
 27.59, -74.27
 27.68, -74.16
 27.69, -74.15
 27.79, -74.07
 27.9, -73.99
 28.0, -73.93
 28.01, -73.92
 28.12, -73.86
 28.22, -73.79
 28.33, -73.7
 28.35, -73.68
 28.43, -73.61
 28.53, -73.51
 28.56, -73.48
 28.63, -73.41
 28.73, -73.31
 28.79, -73.27
 28.84, -73.22
 28.94, -73.12
 29.0, -73.06
 29.04, -73.01
 29.13, -72.91
 29.19, -72.86
 29.24, -72.81
 29.34, -72.72
 29.45, -72.64
 29.46, -72.63
 29.55, -72.55
 29.65, -72.45
 29.68, -72.41
 29.75, -72.33
 29.82, -72.22
 29.84, -72.2
 29.91, -72.05
 29.92, -72.0
 29.93, -71.9
End:

Color: 236 144 74 255
Line: 1, 0, "0.25"
 37.04, -69.33
 37.09, -69.47
 37.15, -69.61
 37.19, -69.69
 37.22, -69.74
 37.31, -69.87
 37.37, -69.93
 37.43, -69.98
 37.54, -70.07
 37.56, -70.09
 37.68, -70.21
 37.7, -70.23
 37.78, -70.33
 37.88, -70.45
 37.89, -70.46
 37.97, -70.58
 38.05, -70.71
 38.09, -70.78
 38.13, -70.84
 38.19, -70.98
 38.25, -71.12
 38.28, -71.27
 38.28, -71.43
 38.26, -71.51
 38.15, -71.62
 38.04, -71.65
 37.91, -71.64
 37.81, -71.6
 37.77, -71.58
 37.63, -71.51
 37.62, -71.5
 37.48, -71.42
 37.46, -71.41
 37.33, -71.35
 37.24, -71.33
 37.2, -71.33
 37.08, -71.35
 36.97, -71.42
 36.96, -71.44
 36.87, -71.54
 36.78, -71.66
 36.77, -71.67
 36.68, -71.8
 36.62, -71.88
 36.58, -71.93
 36.48, -72.04
 36.37, -72.12
 36.37, -72.12
 36.35, -72.13
 36.25, -72.15
 36.13, -72.16
 36.0, -72.18
 35.88, -72.2
 35.76, -72.21
 35.71, -72.2
 35.62, -72.18
 35.49, -72.15
 35.38, -72.15
 35.37, -72.16
 35.33, -72.17
 35.25, -72.2
 35.14, -72.29
 35.04, -72.39
 35.0, -72.44
 34.94, -72.51
 34.84, -72.62
 34.79, -72.66
 34.74, -72.72
 34.63, -72.79
 34.51, -72.84
 34.4, -72.88
 34.28, -72.92
 34.16, -72.97
 34.05, -73.04
 34.0, -73.08
 33.95, -73.12
 33.84, -73.21
 33.73, -73.29
 33.66, -73.34
 33.62, -73.36
 33.51, -73.42
 33.4, -73.47
 33.28, -73.49
 33.18, -73.49
 33.15, -73.5
 33.03, -73.5
 32.9, -73.5
 32.78, -73.52
 32.66, -73.56
 32.55, -73.6
 32.43, -73.65
 32.32, -73.69
 32.2, -73.74
 32.09, -73.78
 31.97, -73.81
 31.84, -73.81
 31.73, -73.8
 31.72, -73.8
 31.59, -73.81
 31.47, -73.84
 31.36, -73.9
 31.27, -73.94
 31.25, -73.95
 31.14, -74.01
 31.02, -74.05
 30.91, -74.09
 30.8, -74.16
 30.69, -74.26
 30.69, -74.27
 30.6, -74.39
 30.57, -74.45
 30.51, -74.54
 30.45, -74.62
 30.41, -74.68
 30.31, -74.79
 30.25, -74.83
 30.2, -74.86
 30.09, -74.91
 29.97, -74.94
 29.85, -74.96
 29.74, -75.0
 29.62, -75.05
 29.52, -75.13
 29.46, -75.2
 29.42, -75.25
 29.37, -75.37
 29.34, -75.46
 29.33, -75.52
 29.33, -75.66
 29.35, -75.8
 29.38, -75.93
 29.39, -76.07
 29.39, -76.21
 29.38, -76.25
 29.35, -76.36
 29.3, -76.47
 29.26, -76.53
 29.2, -76.6
 29.1, -76.71
 29.09, -76.72
 29.0, -76.83
 28.95, -76.89
 28.91, -76.97
 28.85, -77.06
 28.82, -77.13
 28.76, -77.22
 28.73, -77.29
 28.64, -77.4
 28.63, -77.42
 28.52, -77.51
 28.41, -77.58
 28.39, -77.6
 28.3, -77.66
 28.2, -77.73
 28.08, -77.79
 27.97, -77.83
 27.85, -77.86
 27.74, -77.88
 27.62, -77.92
 27.59, -77.94
 27.51, -77.98
 27.4, -78.05
 27.29, -78.13
 27.26, -78.15
 27.19, -78.21
 27.08, -78.28
 26.97, -78.35
 26.94, -78.37
 26.86, -78.42
 26.75, -78.48
 26.64, -78.56
 26.61, -78.58
 26.54, -78.65
 26.44, -78.76
 26.43, -78.76
 26.33, -78.87
 26.27, -78.93
 26.23, -78.97
 26.13, -79.07
 26.09, -79.11
 26.03, -79.19
 25.99, -79.27
 25.94, -79.39
 25.93, -79.41
 25.9, -79.56
 25.86, -79.64
 25.85, -79.7
 25.79, -79.85
 25.78, -79.86
 25.72, -80.0
 25.69, -80.06
 25.66, -80.14
 25.66, -80.28
 25.68, -80.41
 25.7, -80.54
 25.71, -80.67
 25.72, -80.8
 25.75, -80.93
 25.81, -81.05
 25.86, -81.18
 25.9, -81.26
 25.91, -81.3
 25.96, -81.43
 26.0, -81.55
 26.02, -81.69
 26.0, -81.82
 25.99, -81.89
 25.99, -81.96
 25.98, -82.1
 25.98, -82.23
 25.98, -82.36
 25.98, -82.5
 25.97, -82.56
 25.98, -82.63
 25.98, -82.77
 25.98, -82.9
 25.99, -83.03
 26.0, -83.17
 26.03, -83.3
 26.06, -83.42
 26.11, -83.55
 26.12, -83.55
 26.19, -83.67
 26.27, -83.79
 26.27, -83.79
 26.37, -83.91
 26.41, -83.96
 26.47, -84.03
 26.55, -84.1
 26.6, -84.14
 26.68, -84.18
 26.81, -84.21
 26.93, -84.22
 26.96, -84.22
 27.05, -84.21
 27.17, -84.21
 27.29, -84.25
 27.35, -84.29
 27.43, -84.35
 27.48, -84.4
 27.55, -84.53
 27.58, -84.59
 27.61, -84.65
 27.67, -84.78
 27.73, -84.91
 27.74, -84.93
 27.83, -85.03
 27.88, -85.1
 27.95, -85.15
 28.02, -85.23
 28.08, -85.27
 28.15, -85.32
 28.27, -85.31
 28.36, -85.22
 28.38, -85.2
 28.44, -85.07
 28.48, -85.01
 28.53, -84.92
 28.58, -84.85
 28.64, -84.77
 28.68, -84.71
 28.77, -84.61
 28.79, -84.59
 28.89, -84.46
 28.9, -84.45
 29.0, -84.32
 29.02, -84.29
 29.1, -84.15
 29.11, -84.14
 29.19, -83.98
 29.2, -83.97
 29.29, -83.83
 29.3, -83.82
 29.4, -83.68
 29.41, -83.67
 29.5, -83.51
 29.5, -83.51
 29.58, -83.36
 29.6, -83.33
 29.69, -83.2
 29.7, -83.18
 29.81, -83.08
 29.88, -83.02
 29.92, -82.99
 30.03, -82.91
 30.12, -82.84
 30.14, -82.82
 30.25, -82.7
 30.27, -82.67
 30.34, -82.53
 30.35, -82.51
 30.43, -82.35
 30.44, -82.33
 30.5, -82.2
 30.53, -82.14
 30.58, -82.04
 30.63, -81.97
 30.68, -81.88
 30.73, -81.8
 30.78, -81.72
 30.83, -81.64
 30.91, -81.55
 30.93, -81.52
 31.04, -81.42
 31.12, -81.36
 31.15, -81.34
 31.26, -81.25
 31.36, -81.17
 31.37, -81.16
 31.48, -81.08
 31.59, -80.99
 31.6, -80.97
 31.69, -80.87
 31.75, -80.8
 31.79, -80.73
 31.86, -80.63
 31.89, -80.58
 31.98, -80.46
 31.99, -80.44
 32.09, -80.29
 32.1, -80.28
 32.2, -80.17
 32.31, -80.1
 32.36, -80.08
 32.42, -80.06
 32.46, -80.05
 32.55, -80.05
 32.67, -80.05
 32.79, -80.03
 32.89, -79.96
 32.9, -79.95
 32.99, -79.79
 33.0, -79.78
 33.1, -79.65
 33.21, -79.59
 33.34, -79.59
 33.46, -79.61
 33.58, -79.65
 33.6, -79.66
 33.67, -79.78
 33.67, -79.92
 33.65, -80.0
 33.6, -80.09
 33.55, -80.16
 33.47, -80.27
 33.45, -80.3
 33.37, -80.44
 33.36, -80.49
 33.35, -80.59
 33.36, -80.74
 33.38, -80.88
 33.4, -81.02
 33.4, -81.17
 33.39, -81.32
 33.37, -81.39
 33.35, -81.48
 33.3, -81.63
 33.29, -81.66
 33.24, -81.79
 33.2, -81.9
 33.18, -81.95
 33.12, -82.11
 33.11, -82.15
 33.07, -82.27
 33.03, -82.42
 33.03, -82.43
 33.0, -82.58
 32.96, -82.73
 32.95, -82.77
 32.92, -82.88
 32.87, -83.04
 32.86, -83.05
 32.8, -83.2
 32.77, -83.26
 32.71, -83.36
 32.67, -83.43
 32.6, -83.53
 32.57, -83.58
 32.48, -83.69
 32.46, -83.72
 32.36, -83.86
 32.35, -83.86
 32.25, -84.01
 32.24, -84.03
 32.15, -84.17
 32.14, -84.19
 32.05, -84.32
 32.01, -84.36
 31.94, -84.43
 31.83, -84.52
 31.81, -84.53
 31.72, -84.63
 31.66, -84.7
 31.61, -84.77
 31.57, -84.86
 31.51, -84.98
 31.5, -85.01
 31.43, -85.17
 31.42, -85.19
 31.34, -85.33
 31.31, -85.36
 31.22, -85.49
 31.21, -85.5
 31.1, -85.64
 31.1, -85.65
 31.0, -85.8
 31.0, -85.8
 30.9, -85.96
 30.89, -85.97
 30.78, -86.07
 30.67, -86.13
 30.55, -86.15
 30.43, -86.16
 30.31, -86.17
 30.19, -86.16
 30.06, -86.15
 29.94, -86.15
 29.83, -86.21
 29.78, -86.26
 29.72, -86.33
 29.67, -86.42
 29.62, -86.53
 29.6, -86.57
 29.55, -86.71
 29.52, -86.79
 29.49, -86.86
 29.42, -86.99
 29.41, -87.01
 29.32, -87.15
 29.31, -87.16
 29.22, -87.31
 29.21, -87.33
 29.15, -87.46
 29.11, -87.53
 29.07, -87.61
 29.01, -87.73
 29.0, -87.76
 28.93, -87.9
 28.91, -87.96
 28.88, -88.05
 28.82, -88.19
 28.81, -88.21
 28.77, -88.33
 28.71, -88.47
 28.71, -88.48
 28.64, -88.62
 28.61, -88.68
 28.56, -88.77
 28.5, -88.85
 28.46, -88.92
 28.4, -89.04
 28.39, -89.06
 28.36, -89.2
 28.35, -89.34
 28.33, -89.48
 28.32, -89.55
 28.31, -89.62
 28.28, -89.76
 28.23, -89.9
 28.23, -89.9
 28.15, -90.04
 28.12, -90.09
 28.02, -90.19
 28.01, -90.2
 27.89, -90.31
 27.86, -90.34
 27.78, -90.43
 27.73, -90.49
 27.67, -90.56
 27.62, -90.63
 27.56, -90.73
 27.53, -90.78
 27.46, -90.92
 27.45, -90.92
 27.38, -91.06
 27.35, -91.12
 27.29, -91.2
 27.24, -91.29
 27.21, -91.34
 27.13, -91.48
 27.13, -91.49
 27.06, -91.62
 27.02, -91.71
 27.0, -91.76
 26.94, -91.9
 26.92, -91.98
 26.9, -92.04
 26.85, -92.17
 26.81, -92.28
 26.79, -92.31
 26.71, -92.45
 26.7, -92.47
 26.58, -92.51
 26.53, -92.46
 26.46, -92.39
 26.41, -92.34
 26.33, -92.26
 26.21, -92.23
 26.09, -92.23
 26.04, -92.23
 25.97, -92.2
 25.93, -92.1
 25.93, -91.97
 25.95, -91.83
 25.95, -91.81
 25.98, -91.7
 26.0, -91.57
 26.02, -91.43
 25.97, -91.3
 25.92, -91.26
 25.8, -91.24
 25.68, -91.25
 25.56, -91.29
 25.45, -91.34
 25.44, -91.34
 25.33, -91.39
 25.22, -91.44
 25.1, -91.47
End:

Color: 236 144 74 255
Line: 1, 0, "0.25"
 24.19, -77.94
 24.22, -77.98
 24.27, -78.05
 24.37, -78.16
 24.38, -78.18
 24.46, -78.27
 24.54, -78.39
 24.54, -78.4
 24.64, -78.5
 24.69, -78.53
 24.81, -78.54
 24.93, -78.5
 25.04, -78.43
 25.08, -78.4
 25.14, -78.32
 25.18, -78.24
 25.1, -78.15
 25.09, -78.13
 24.97, -78.07
 24.9, -78.04
 24.83, -78.01
 24.72, -77.95
 24.7, -77.94
 24.56, -77.86
 24.54, -77.85
 24.43, -77.81
 24.31, -77.79
 24.19, -77.83
 24.19, -77.94
End:

Color: 236 144 74 255
Line: 1, 0, "0.25"
 25.25, -81.03
 25.25, -81.04
 25.37, -81.03
 25.38, -81.01
 25.37, -81.0
 25.25, -81.03
 25.25, -81.03
End:

Color: 236 144 74 255
Line: 1, 0, "0.25"
 35.78, -76.05
 35.78, -75.89
 35.78, -75.89
 35.88, -75.73
 35.9, -75.7
 35.98, -75.63
 36.1, -75.59
 36.22, -75.59
 36.25, -75.6
 36.36, -75.64
 36.44, -75.69
 36.51, -75.79
 36.54, -75.82
 36.55, -75.97
 36.55, -75.98
 36.45, -76.1
 36.33, -76.15
 36.21, -76.17
 36.09, -76.17
 35.96, -76.16
 35.93, -76.15
 35.82, -76.09
 35.78, -76.05
End:

Color: 236 144 74 255
Line: 1, 0, "0.5"
 24.3, -83.45
 24.4, -83.33
 24.41, -83.31
 24.46, -83.17
 24.46, -83.04
 24.39, -82.92
 24.34, -82.89
 24.22, -82.86
End:

Color: 236 144 74 255
Line: 1, 0, "0.5"
 23.37, -77.94
 23.49, -77.94
 23.59, -77.95
 23.61, -77.95
 23.74, -78.01
 23.78, -78.03
 23.88, -78.1
 23.92, -78.13
 24.03, -78.22
 24.04, -78.24
 24.15, -78.34
 24.18, -78.37
 24.25, -78.46
 24.32, -78.57
 24.34, -78.6
 24.39, -78.69
 24.47, -78.8
 24.51, -78.86
 24.57, -78.91
 24.66, -78.99
 24.71, -79.02
 24.8, -79.11
 24.81, -79.13
 24.83, -79.25
 24.83, -79.28
 24.82, -79.39
 24.8, -79.53
 24.81, -79.66
 24.86, -79.78
 24.91, -79.9
 24.93, -80.03
 24.93, -80.16
 24.94, -80.3
 25.02, -80.34
 25.13, -80.31
 25.25, -80.28
 25.37, -80.3
 25.4, -80.33
 25.44, -80.46
 25.42, -80.57
 25.39, -80.6
 25.31, -80.65
 25.19, -80.67
 25.11, -80.66
 25.07, -80.64
 24.96, -80.56
 24.91, -80.44
 24.9, -80.44
 24.79, -80.44
 24.75, -80.47
 24.68, -80.5
 24.58, -80.58
 24.48, -80.66
 24.47, -80.67
 24.37, -80.81
 24.37, -80.81
 24.35, -80.95
 24.4, -81.07
 24.42, -81.11
 24.52, -81.18
 24.56, -81.2
 24.68, -81.23
 24.77, -81.26
 24.81, -81.27
 24.94, -81.31
 25.01, -81.35
 25.07, -81.39
 25.14, -81.45
 25.19, -81.58
 25.19, -81.71
 25.17, -81.85
 25.17, -81.98
 25.26, -82.1
 25.3, -82.1
 25.42, -82.07
 25.42, -82.07
 25.53, -82.01
 25.65, -81.98
 25.71, -82.01
 25.79, -82.1
 25.8, -82.13
 25.82, -82.26
 25.84, -82.39
 25.84, -82.48
 25.84, -82.52
 25.85, -82.66
 25.86, -82.79
 25.87, -82.92
 25.88, -83.05
 25.89, -83.18
 25.92, -83.31
 25.96, -83.44
 25.99, -83.54
 26.01, -83.57
 26.08, -83.69
 26.15, -83.81
 26.15, -83.81
 26.25, -83.93
 26.29, -83.99
 26.35, -84.05
 26.44, -84.15
 26.45, -84.16
 26.57, -84.25
 26.61, -84.27
 26.7, -84.31
 26.82, -84.33
 26.94, -84.34
 27.04, -84.34
 27.06, -84.34
 27.19, -84.35
 27.32, -84.42
 27.33, -84.43
 27.44, -84.55
 27.46, -84.59
 27.51, -84.67
 27.57, -84.8
 27.62, -84.93
 27.62, -84.93
 27.7, -85.05
 27.77, -85.15
 27.79, -85.17
 27.89, -85.3
 27.91, -85.33
 27.99, -85.42
 28.05, -85.51
 28.1, -85.54
 28.18, -85.59
 28.3, -85.59
 28.42, -85.52
 28.44, -85.49
 28.52, -85.36
 28.53, -85.34
 28.6, -85.19
 28.62, -85.15
 28.69, -85.04
 28.72, -85.0
 28.83, -84.88
 28.83, -84.87
 28.93, -84.78
 29.01, -84.71
 29.04, -84.67
 29.15, -84.56
 29.17, -84.54
 29.26, -84.44
 29.32, -84.38
 29.36, -84.32
 29.47, -84.22
 29.48, -84.21
 29.58, -84.12
 29.67, -84.04
 29.69, -84.02
 29.78, -83.88
 29.79, -83.87
 29.86, -83.73
 29.89, -83.66
 29.93, -83.58
 29.99, -83.49
 30.05, -83.41
 30.09, -83.37
 30.2, -83.29
 30.32, -83.23
 30.37, -83.21
 30.43, -83.19
 30.55, -83.14
 30.64, -83.02
 30.65, -82.98
 30.66, -82.88
 30.66, -82.74
 30.68, -82.59
 30.71, -82.5
 30.72, -82.44
 30.77, -82.29
 30.79, -82.23
 30.83, -82.13
 30.88, -82.01
 30.9, -81.98
 30.98, -81.84
 31.01, -81.81
 31.09, -81.74
 31.2, -81.68
 31.32, -81.63
 31.43, -81.59
 31.46, -81.58
 31.55, -81.53
 31.66, -81.45
 31.77, -81.37
 31.77, -81.37
 31.87, -81.26
 31.93, -81.19
 31.97, -81.12
 32.02, -81.03
 32.07, -80.95
 32.13, -80.86
 32.17, -80.8
 32.28, -80.69
 32.29, -80.68
 32.39, -80.6
 32.51, -80.57
 32.63, -80.6
 32.63, -80.6
 32.77, -80.7
 32.78, -80.72
 32.85, -80.85
 32.87, -80.99
 32.87, -81.14
 32.86, -81.27
 32.86, -81.29
 32.87, -81.43
 32.89, -81.57
 32.89, -81.72
 32.89, -81.87
 32.87, -82.02
 32.85, -82.08
 32.84, -82.17
 32.82, -82.32
 32.8, -82.47
 32.79, -82.51
 32.78, -82.62
 32.74, -82.77
 32.72, -82.87
 32.7, -82.93
 32.64, -83.08
 32.63, -83.11
 32.56, -83.24
 32.53, -83.29
 32.44, -83.41
 32.42, -83.43
 32.31, -83.53
 32.2, -83.6
 32.2, -83.6
 32.09, -83.66
 31.98, -83.74
 31.94, -83.79
 31.88, -83.93
 31.87, -83.95
 31.81, -84.1
 31.78, -84.14
 31.68, -84.27
 31.67, -84.28
 31.57, -84.39
 31.53, -84.44
 31.46, -84.52
 31.41, -84.6
 31.36, -84.68
 31.31, -84.76
 31.26, -84.86
 31.23, -84.92
 31.16, -85.05
 31.15, -85.07
 31.06, -85.23
 31.06, -85.23
 30.96, -85.39
 30.95, -85.39
 30.85, -85.54
 30.85, -85.55
 30.74, -85.7
 30.74, -85.7
 30.63, -85.8
 30.52, -85.86
 30.4, -85.88
 30.27, -85.84
 30.18, -85.79
 30.14, -85.76
 30.01, -85.68
 29.97, -85.68
 29.89, -85.67
 29.82, -85.7
 29.77, -85.72
 29.66, -85.8
 29.59, -85.87
 29.55, -85.93
 29.52, -86.02
 29.48, -86.17
 29.46, -86.23
 29.45, -86.31
 29.42, -86.45
 29.38, -86.57
 29.37, -86.6
 29.3, -86.75
 29.28, -86.79
 29.21, -86.9
 29.18, -86.96
 29.12, -87.05
 29.07, -87.14
 29.05, -87.2
 28.99, -87.34
 28.98, -87.37
 28.92, -87.49
 28.88, -87.59
 28.86, -87.64
 28.8, -87.78
 28.78, -87.83
 28.74, -87.93
 28.68, -88.07
 28.68, -88.08
 28.63, -88.21
 28.58, -88.35
 28.58, -88.36
 28.52, -88.5
 28.48, -88.58
 28.45, -88.65
 28.38, -88.76
 28.36, -88.79
 28.28, -88.94
 28.27, -88.96
 28.23, -89.08
 28.2, -89.22
 28.19, -89.36
 28.19, -89.37
 28.17, -89.5
 28.14, -89.64
 28.09, -89.76
 28.09, -89.78
 28.01, -89.92
 27.99, -89.95
 27.89, -90.07
 27.88, -90.09
 27.77, -90.21
 27.76, -90.22
 27.65, -90.34
 27.63, -90.36
 27.54, -90.47
 27.52, -90.51
 27.43, -90.62
 27.41, -90.65
 27.32, -90.78
 27.31, -90.8
 27.21, -90.93
 27.2, -90.94
 27.1, -91.04
 27.04, -91.09
 26.99, -91.14
 26.87, -91.21
 26.75, -91.23
 26.63, -91.14
 26.62, -91.12
 26.52, -90.99
 26.5, -90.97
 26.44, -90.87
 26.37, -90.74
 26.36, -90.71
 26.3, -90.61
 26.23, -90.54
 26.11, -90.5
 25.99, -90.52
 25.88, -90.59
 25.81, -90.65
 25.76, -90.69
 25.65, -90.79
 25.65, -90.8
 25.54, -90.9
 25.49, -90.94
 25.43, -90.99
 25.31, -91.09
 25.31, -91.09
 25.2, -91.17
 25.08, -91.21
End:

Color: 236 144 74 255
Line: 1, 0, "0.5"
 36.49, -69.55
 36.49, -69.71
 36.47, -69.87
 36.47, -69.89
 36.47, -70.03
 36.49, -70.19
 36.52, -70.33
 36.56, -70.47
 36.6, -70.62
 36.62, -70.77
 36.61, -70.93
 36.6, -70.95
 36.56, -71.11
 36.53, -71.18
 36.47, -71.3
 36.44, -71.34
 36.34, -71.42
 36.22, -71.46
 36.09, -71.48
 35.97, -71.5
 35.85, -71.53
 35.74, -71.57
 35.62, -71.6
 35.5, -71.65
 35.39, -71.7
 35.27, -71.76
 35.16, -71.83
 35.06, -71.91
 34.96, -71.99
 34.95, -72.0
 34.85, -72.09
 34.74, -72.17
 34.63, -72.25
 34.61, -72.27
 34.52, -72.32
 34.41, -72.37
 34.29, -72.41
 34.17, -72.45
 34.06, -72.49
 33.94, -72.55
 33.83, -72.62
 33.72, -72.69
 33.61, -72.75
 33.49, -72.78
 33.37, -72.78
 33.23, -72.75
 33.2, -72.74
 33.1, -72.7
 32.98, -72.66
 32.96, -72.65
 32.83, -72.63
 32.7, -72.63
 32.59, -72.67
 32.48, -72.76
 32.4, -72.85
 32.38, -72.88
 32.28, -72.99
 32.19, -73.07
 32.18, -73.07
 32.06, -73.13
 31.95, -73.17
 31.83, -73.21
 31.71, -73.24
 31.6, -73.27
 31.48, -73.31
 31.37, -73.36
 31.25, -73.43
 31.15, -73.49
 31.03, -73.55
 30.92, -73.59
 30.8, -73.62
 30.68, -73.65
 30.57, -73.71
 30.54, -73.73
 30.47, -73.81
 30.43, -73.91
 30.4, -74.05
 30.4, -74.06
 30.36, -74.22
 30.33, -74.29
 30.28, -74.39
 30.24, -74.45
 30.13, -74.53
 30.01, -74.53
 29.93, -74.49
 29.85, -74.39
 29.84, -74.37
 29.73, -74.26
 29.7, -74.25
 29.58, -74.28
 29.47, -74.34
 29.45, -74.35
 29.35, -74.39
 29.24, -74.42
 29.18, -74.42
 29.11, -74.42
 28.98, -74.37
 28.95, -74.35
 28.86, -74.24
 28.82, -74.11
 28.83, -73.96
 28.87, -73.88
 28.9, -73.8
 28.95, -73.72
 29.03, -73.62
 29.05, -73.6
 29.15, -73.49
 29.23, -73.41
 29.25, -73.4
 29.35, -73.31
 29.46, -73.22
 29.51, -73.18
 29.57, -73.15
 29.67, -73.07
 29.78, -72.98
 29.82, -72.94
 29.88, -72.89
 29.98, -72.79
 30.04, -72.73
 30.08, -72.69
 30.18, -72.57
 30.2, -72.53
 30.27, -72.44
 30.34, -72.34
 30.37, -72.31
 30.46, -72.2
 30.52, -72.14
 30.56, -72.09
 30.66, -71.96
 30.67, -71.95
 30.73, -71.78
 30.73, -71.76
 30.75, -71.63
End:

Color: 236 144 74 255
Line: 1, 0, "0.5"
 24.62, -77.57
 24.5, -77.47
 24.48, -77.34
 24.56, -77.24
 24.66, -77.16
 24.66, -77.16
 24.77, -77.1
 24.88, -77.05
 25.0, -77.0
 25.11, -76.95
 25.22, -76.9
 25.29, -76.87
 25.33, -76.85
 25.44, -76.81
 25.56, -76.77
 25.67, -76.75
 25.79, -76.73
 25.91, -76.71
 25.91, -76.71
 26.03, -76.69
 26.15, -76.67
 26.27, -76.65
 26.38, -76.63
 26.5, -76.61
 26.62, -76.59
 26.74, -76.56
 26.85, -76.53
 26.97, -76.49
 27.08, -76.43
 27.17, -76.39
 27.19, -76.37
 27.3, -76.3
 27.4, -76.23
 27.51, -76.16
 27.56, -76.14
 27.63, -76.11
 27.74, -76.07
 27.86, -76.04
 27.97, -76.0
 28.08, -75.95
 28.19, -75.89
 28.3, -75.82
 28.35, -75.79
 28.41, -75.75
 28.52, -75.67
 28.63, -75.62
 28.75, -75.6
 28.88, -75.64
 28.89, -75.64
 29.01, -75.75
 29.03, -75.77
 29.09, -75.87
 29.16, -75.99
 29.19, -76.13
 29.18, -76.27
 29.15, -76.35
 29.11, -76.43
 29.06, -76.5
 28.96, -76.61
 28.96, -76.61
 28.86, -76.74
 28.83, -76.79
 28.77, -76.88
 28.72, -76.95
 28.68, -77.04
 28.62, -77.12
 28.58, -77.19
 28.5, -77.29
 28.48, -77.31
 28.38, -77.4
 28.27, -77.47
 28.24, -77.5
 28.16, -77.55
 28.05, -77.62
 27.94, -77.66
 27.82, -77.68
 27.7, -77.68
 27.58, -77.69
 27.46, -77.74
 27.36, -77.82
 27.32, -77.86
 27.25, -77.92
 27.15, -78.02
 27.13, -78.05
 27.05, -78.12
 26.94, -78.19
 26.85, -78.25
 26.83, -78.26
 26.72, -78.32
 26.61, -78.38
 26.5, -78.44
 26.44, -78.48
 26.39, -78.53
 26.29, -78.63
 26.25, -78.66
 26.19, -78.73
 26.08, -78.82
 26.05, -78.85
 25.97, -78.9
 25.87, -78.99
 25.84, -79.03
 25.78, -79.18
 25.78, -79.18
 25.76, -79.32
 25.74, -79.45
 25.73, -79.54
 25.71, -79.6
 25.66, -79.74
 25.65, -79.77
 25.56, -79.9
 25.55, -79.92
 25.44, -80.01
 25.32, -80.01
 25.26, -79.96
 25.18, -79.87
 25.15, -79.85
 25.11, -79.73
 25.13, -79.6
 25.13, -79.59
 25.17, -79.45
 25.21, -79.35
 25.23, -79.3
 25.29, -79.16
 25.3, -79.15
 25.35, -79.0
 25.37, -78.9
 25.37, -78.87
 25.39, -78.73
 25.44, -78.66
 25.49, -78.57
 25.54, -78.53
 25.64, -78.43
 25.68, -78.39
 25.75, -78.34
 25.85, -78.24
 25.88, -78.21
 25.94, -78.1
 25.96, -78.05
 25.93, -78.01
 25.85, -77.94
 25.79, -77.93
 25.67, -77.93
 25.55, -77.92
 25.42, -77.92
 25.4, -77.92
 25.3, -77.92
 25.18, -77.9
 25.05, -77.87
 25.05, -77.87
 24.91, -77.81
 24.87, -77.78
 24.77, -77.7
 24.73, -77.68
 24.63, -77.58
 24.62, -77.57
End:

Color: 236 144 74 255
Line: 2, 0, "1.0"
 24.95, -89.35
 25.07, -89.32
 25.18, -89.28
 25.25, -89.25
 25.3, -89.23
 25.41, -89.14
 25.44, -89.1
 25.52, -88.98
 25.52, -88.96
 25.57, -88.82
 25.59, -88.69
 25.6, -88.57
 25.6, -88.55
 25.6, -88.42
 25.6, -88.29
 25.58, -88.16
 25.55, -88.03
 25.55, -88.02
 25.51, -87.9
 25.46, -87.77
 25.4, -87.68
 25.38, -87.65
 25.27, -87.56
 25.23, -87.54
 25.14, -87.5
 25.02, -87.47
 24.9, -87.45
 24.86, -87.45
 24.78, -87.45
End:

Color: 236 144 74 255
Line: 2, 0, "1.0"
 24.39, -84.14
 24.45, -84.09
 24.5, -84.03
 24.54, -83.94
 24.59, -83.8
 24.59, -83.8
 24.63, -83.67
 24.67, -83.55
 24.68, -83.52
 24.77, -83.38
 24.77, -83.38
 24.87, -83.27
 24.96, -83.21
 24.98, -83.2
 25.09, -83.12
 25.14, -83.05
 25.19, -82.98
 25.23, -82.9
 25.29, -82.83
 25.36, -82.74
 25.39, -82.71
 25.51, -82.66
 25.58, -82.71
 25.65, -82.82
 25.65, -82.83
 25.68, -82.95
 25.7, -83.08
 25.72, -83.21
 25.76, -83.34
 25.8, -83.47
 25.85, -83.59
 25.89, -83.66
 25.92, -83.72
 26.0, -83.84
 26.04, -83.89
 26.09, -83.95
 26.18, -84.07
 26.19, -84.07
 26.29, -84.19
 26.33, -84.23
 26.41, -84.31
 26.46, -84.34
 26.57, -84.41
 26.59, -84.43
 26.72, -84.47
 26.84, -84.49
 26.91, -84.5
 26.96, -84.5
 27.09, -84.51
 27.21, -84.56
 27.24, -84.58
 27.35, -84.69
 27.35, -84.7
 27.43, -84.82
 27.49, -84.95
 27.51, -84.98
 27.56, -85.07
 27.63, -85.2
 27.66, -85.25
 27.71, -85.32
 27.78, -85.45
 27.81, -85.51
 27.85, -85.57
 27.91, -85.7
 27.97, -85.8
 27.99, -85.83
 28.1, -85.95
 28.1, -85.95
 28.23, -86.02
 28.35, -86.02
 28.47, -86.0
 28.59, -85.96
 28.7, -85.91
 28.82, -85.86
 28.95, -85.92
 28.97, -85.96
 29.01, -86.09
 29.04, -86.23
 29.03, -86.37
 29.0, -86.46
 28.99, -86.51
 28.92, -86.66
 28.91, -86.68
 28.85, -86.81
 28.81, -86.92
 28.8, -86.95
 28.75, -87.1
 28.72, -87.2
 28.71, -87.24
 28.66, -87.38
 28.63, -87.5
 28.62, -87.53
 28.57, -87.67
 28.53, -87.77
 28.52, -87.81
 28.46, -87.96
 28.43, -88.03
 28.41, -88.1
 28.35, -88.25
 28.34, -88.29
 28.3, -88.39
 28.24, -88.53
 28.24, -88.53
 28.17, -88.68
 28.13, -88.75
 28.1, -88.82
 28.03, -88.96
 28.03, -88.97
 27.97, -89.11
 27.93, -89.23
 27.93, -89.25
 27.87, -89.39
 27.83, -89.49
 27.81, -89.53
 27.74, -89.67
 27.73, -89.69
 27.66, -89.82
 27.62, -89.89
 27.58, -89.96
 27.52, -90.06
 27.49, -90.1
 27.41, -90.21
 27.37, -90.25
 27.29, -90.33
 27.22, -90.4
 27.18, -90.43
 27.07, -90.49
 26.95, -90.48
 26.88, -90.43
 26.82, -90.35
 26.79, -90.3
 26.73, -90.17
 26.68, -90.09
 26.64, -90.05
 26.55, -89.95
 26.51, -89.92
 26.42, -89.88
 26.3, -89.86
 26.18, -89.87
 26.07, -89.91
 25.95, -89.95
 25.83, -89.98
 25.79, -89.99
 25.72, -90.01
 25.6, -90.07
 25.53, -90.15
 25.49, -90.19
 25.43, -90.29
 25.38, -90.37
 25.35, -90.43
 25.28, -90.54
 25.26, -90.57
 25.17, -90.67
 25.12, -90.71
 25.05, -90.75
End:

Color: 236 144 74 255
Line: 2, 0, "1.0"
 24.1, -82.09
 24.19, -82.03
 24.21, -82.02
 24.32, -81.94
 24.43, -81.87
 24.54, -81.84
 24.67, -81.9
 24.7, -81.94
 24.71, -82.07
 24.7, -82.1
 24.68, -82.2
 24.62, -82.35
 24.62, -82.35
 24.51, -82.46
 24.4, -82.49
 24.28, -82.51
 24.16, -82.51
End:

Color: 236 144 74 255
Line: 2, 0, "1.0"
 23.49, -78.57
 23.62, -78.6
 23.62, -78.6
 23.76, -78.7
 23.76, -78.7
 23.83, -78.81
 23.88, -78.94
 23.9, -79.06
 23.9, -79.2
 23.88, -79.33
 23.88, -79.36
 23.86, -79.47
 23.86, -79.6
 23.92, -79.72
 23.95, -79.75
 24.02, -79.83
 24.1, -79.93
 24.11, -79.94
 24.2, -80.05
 24.26, -80.16
 24.27, -80.17
 24.27, -80.19
 24.27, -80.3
 24.22, -80.45
 24.2, -80.48
 24.13, -80.6
 24.1, -80.63
 24.0, -80.75
 23.99, -80.76
 23.9, -80.83
End:

Color: 236 144 74 255
Line: 2, 0, "1.0"
 26.11, -77.34
 26.16, -77.32
 26.2, -77.32
 26.16, -77.35
 26.11, -77.34
End:

Color: 236 144 74 255
Line: 2, 0, "1.0"
 26.55, -77.5
 26.54, -77.39
 26.65, -77.36
 26.78, -77.38
 26.86, -77.43
 26.92, -77.55
 26.87, -77.7
 26.85, -77.74
 26.74, -77.8
 26.69, -77.74
 26.62, -77.62
 26.56, -77.53
 26.55, -77.5
End:

Color: 236 144 74 255
Line: 2, 0, "1.0"
 29.85, -84.99
 29.92, -84.88
 29.94, -84.84
 30.03, -84.79
 30.15, -84.74
 30.24, -84.65
 30.25, -84.64
 30.31, -84.5
 30.35, -84.41
 30.37, -84.35
 30.45, -84.21
 30.46, -84.19
 30.55, -84.1
 30.65, -84.02
 30.66, -84.01
 30.77, -83.92
 30.88, -83.83
 30.89, -83.83
 31.0, -83.77
 31.12, -83.73
 31.24, -83.76
 31.25, -83.77
 31.25, -83.82
 31.25, -83.91
 31.21, -84.06
 31.17, -84.15
 31.14, -84.22
 31.08, -84.37
 31.08, -84.38
 31.01, -84.52
 30.98, -84.57
 30.9, -84.68
 30.87, -84.72
 30.76, -84.82
 30.71, -84.86
 30.65, -84.9
 30.54, -84.96
 30.42, -85.04
 30.39, -85.05
 30.31, -85.07
 30.27, -85.07
 30.18, -85.05
 30.06, -85.03
 29.93, -85.01
 29.85, -84.99
End:

Color: 236 144 74 255
Line: 2, 0, "1.0"
 31.6, -82.99
 31.62, -82.88
 31.63, -82.84
 31.72, -82.74
 31.84, -82.76
 31.89, -82.79
 31.94, -82.92
 31.88, -83.02
 31.77, -83.1
 31.64, -83.06
 31.6, -82.99
End:

Color: 236 144 74 255
Line: 2, 0, "1.0"
 34.14, -71.36
 34.06, -71.23
 34.06, -71.08
 34.09, -71.03
 34.16, -70.89
 34.18, -70.87
 34.27, -70.76
 34.35, -70.67
 34.37, -70.64
 34.47, -70.54
 34.58, -70.46
 34.69, -70.41
 34.81, -70.37
 34.93, -70.33
 35.05, -70.3
 35.17, -70.29
 35.3, -70.3
 35.33, -70.31
 35.45, -70.36
 35.5, -70.4
 35.6, -70.52
 35.6, -70.67
 35.55, -70.77
 35.49, -70.87
 35.45, -70.91
 35.35, -71.02
 35.28, -71.1
 35.25, -71.13
 35.14, -71.21
 35.04, -71.3
 34.93, -71.38
 34.9, -71.39
 34.82, -71.44
 34.7, -71.49
 34.58, -71.52
 34.54, -71.52
 34.46, -71.52
 34.32, -71.48
 34.27, -71.46
 34.17, -71.38
 34.14, -71.36
End:

Color: 233 70 57 255
Line: 2, 0, "2.0"
 24.46, -84.67
 24.58, -84.61
 24.6, -84.59
 24.68, -84.51
 24.75, -84.44
 24.79, -84.39
 24.87, -84.29
 24.89, -84.26
 25.0, -84.16
 25.11, -84.12
 25.23, -84.12
 25.35, -84.13
 25.47, -84.12
 25.58, -84.06
 25.7, -84.03
 25.82, -84.08
 25.88, -84.12
 25.96, -84.18
 26.01, -84.24
 26.1, -84.31
 26.14, -84.35
 26.23, -84.43
 26.27, -84.46
 26.36, -84.53
 26.44, -84.57
 26.49, -84.6
 26.62, -84.66
 26.66, -84.67
 26.75, -84.7
 26.87, -84.74
 26.96, -84.76
 27.0, -84.77
 27.13, -84.83
 27.16, -84.86
 27.26, -84.97
 27.27, -84.98
 27.35, -85.11
 27.42, -85.23
 27.42, -85.23
 27.48, -85.36
 27.53, -85.49
 27.57, -85.62
 27.59, -85.73
 27.6, -85.75
 27.63, -85.88
 27.68, -86.01
 27.72, -86.14
 27.74, -86.27
 27.76, -86.41
 27.79, -86.54
 27.81, -86.6
 27.84, -86.67
 27.93, -86.79
 27.95, -86.82
 28.03, -86.92
 28.1, -87.03
 28.1, -87.04
 28.14, -87.18
 28.16, -87.31
 28.15, -87.45
 28.14, -87.5
 28.12, -87.59
 28.07, -87.73
 28.05, -87.77
 27.99, -87.88
 27.94, -87.95
 27.89, -88.03
 27.84, -88.12
 27.8, -88.17
 27.73, -88.29
 27.72, -88.32
 27.65, -88.46
 27.63, -88.5
 27.58, -88.61
 27.53, -88.69
 27.49, -88.75
 27.42, -88.85
 27.38, -88.9
 27.31, -88.98
 27.21, -89.05
 27.2, -89.06
 27.14, -89.06
 27.08, -89.05
 27.0, -88.94
 26.97, -88.81
 26.97, -88.67
 26.98, -88.54
 27.01, -88.4
 27.02, -88.35
 27.04, -88.26
 27.07, -88.12
 27.11, -88.02
 27.12, -87.98
 27.17, -87.84
 27.2, -87.75
 27.22, -87.7
 27.26, -87.56
 27.29, -87.43
 27.29, -87.42
 27.3, -87.28
 27.27, -87.22
 27.25, -87.15
 27.15, -87.03
 27.13, -87.01
 27.03, -86.91
 27.0, -86.87
 26.94, -86.79
 26.86, -86.66
 26.85, -86.64
 26.8, -86.54
 26.72, -86.41
 26.71, -86.4
 26.59, -86.3
 26.57, -86.29
 26.44, -86.22
 26.39, -86.19
 26.32, -86.16
 26.2, -86.13
 26.08, -86.15
 25.96, -86.19
 25.85, -86.26
 25.84, -86.26
 25.74, -86.32
 25.62, -86.37
 25.51, -86.42
 25.39, -86.45
 25.27, -86.47
 25.15, -86.45
 25.03, -86.39
 25.0, -86.38
 24.9, -86.3
 24.85, -86.27
 24.77, -86.23
 24.65, -86.2
End:

Color: 233 70 57 255
Line: 3, 0, "3.0"
 25.0, -85.32
 24.99, -85.19
 25.0, -85.13
 25.02, -85.05
 25.1, -84.95
 25.17, -84.9
 25.21, -84.88
 25.33, -84.87
 25.35, -84.87
 25.45, -84.9
 25.58, -84.95
 25.62, -84.96
 25.7, -85.0
 25.82, -85.02
 25.94, -84.96
 25.97, -84.91
 26.04, -84.84
 26.15, -84.77
 26.28, -84.78
 26.4, -84.82
 26.45, -84.84
 26.53, -84.88
 26.66, -84.94
 26.66, -84.94
 26.79, -85.02
 26.84, -85.05
 26.92, -85.11
 26.99, -85.16
 27.05, -85.22
 27.1, -85.28
 27.17, -85.4
 27.19, -85.54
 27.18, -85.67
 27.19, -85.81
 27.25, -85.92
 27.26, -85.93
 27.33, -86.06
 27.4, -86.17
 27.41, -86.18
 27.42, -86.32
 27.42, -86.33
 27.31, -86.45
 27.18, -86.38
 27.16, -86.35
 27.09, -86.23
 27.04, -86.14
 27.02, -86.1
 26.92, -85.98
 26.9, -85.97
 26.77, -85.9
 26.72, -85.87
 26.64, -85.84
 26.52, -85.77
 26.51, -85.77
 26.38, -85.68
 26.35, -85.66
 26.25, -85.56
 26.23, -85.54
 26.11, -85.42
 26.11, -85.42
 25.99, -85.36
 25.87, -85.42
 25.84, -85.46
 25.77, -85.53
 25.69, -85.62
 25.66, -85.65
 25.55, -85.73
 25.43, -85.76
 25.31, -85.73
 25.24, -85.68
 25.18, -85.63
 25.12, -85.57
 25.05, -85.45
 25.03, -85.38
 25.0, -85.32
End:

