Title: 0-3 km Lapse Rate (Filled > 6 C/km) Filled Contour 15Z HRRR | F01 Valid: 16Z Sun Apr 11 2021
RefreshSeconds: 60
TimeRange: 2021-04-11T15:55:00Z 2021-04-11T17:00:00Z
Polygon:
 25.009572, -104.869527, 241, 169, 93, 90

 25.018977, -104.739024, 
 25.028215, -104.608492, 
 25.037285, -104.477931, 
 25.046188, -104.347343, 
 25.054923, -104.216726, 
 25.063491, -104.086083, 
 25.07189, -103.955412, 
 25.080122, -103.824716, 
 25.088186, -103.693994, 
 25.096082, -103.563248, 
 25.103811, -103.432476, 
 25.111371, -103.301681, 
 25.118762, -103.170862, 
 25.125986, -103.040021, 
 25.133042, -102.909157, 
 25.139929, -102.778271, 
 25.146648, -102.647363, 
 25.153198, -102.516435, 
 25.15958, -102.385486, 
 25.165794, -102.254518, 
 25.171839, -102.12353, 
 25.177715, -101.992524, 
 25.183423, -101.861499, 
 25.188962, -101.730457, 
 25.194332, -101.599397, 
 25.199534, -101.468321, 
 25.204566, -101.337229, 
 25.20943, -101.206121, 
 25.214125, -101.074998, 
 25.218651, -100.943861, 
 25.223008, -100.81271, 
 25.227196, -100.681545, 
 25.231215, -100.550367, 
 25.235064, -100.419177, 
 25.238745, -100.287975, 
 25.239838, -100.247116, 
 25.357622, -100.285671, 
 25.369239, -100.292353, 
 25.474218, -100.367094, 
 25.539855, -100.429902, 
 25.589515, -100.493439, 
 25.648988, -100.565745, 
 25.703686, -100.653329, 
 25.744627, -100.70143, 
 25.817312, -100.824508, 
 25.829853, -100.837014, 
 25.917918, -100.973003, 
 25.930646, -100.997122, 
 26.046278, -101.09886, 
 26.091564, -101.113029, 
 26.164355, -101.13084, 
 26.283572, -101.132036, 
 26.348129, -101.124279, 
 26.403552, -101.112934, 
 26.524335, -101.071704, 
 26.645561, -101.019158, 
 26.714584, -101.006721, 
 26.768408, -100.875206, 
 26.77023, -100.862904, 
 26.79762, -100.742555, 
 26.881346, -100.611882, 
 26.897911, -100.601618, 
 26.978732, -100.615579, 
 27.01587, -100.653175, 
 27.024784, -100.751546, 
 27.012004, -100.777465, 
 26.915373, -100.881255, 
 26.888105, -100.911911, 
 26.789913, -101.009937, 
 26.809635, -101.144667, 
 26.846528, -101.280259, 
 26.873063, -101.339631, 
 26.906877, -101.417102, 
 26.985886, -101.516691, 
 27.104056, -101.553979, 
 27.225177, -101.516117, 
 27.347382, -101.451467, 
 27.367674, -101.439214, 
 27.470207, -101.369524, 
 27.581893, -101.314394, 
 27.592267, -101.308681, 
 27.713775, -101.262213, 
 27.834684, -101.233603, 
 27.955713, -101.202947, 
 27.971352, -101.196877, 
 28.078925, -101.109831, 
 28.136973, -101.068344, 
 28.201346, -101.039266, 
 28.321507, -101.035634, 
 28.441302, -101.044177, 
 28.561358, -101.046212, 
 28.68174, -101.039775, 
 28.802287, -101.029672, 
 28.922755, -101.023135, 
 29.04294, -101.026207, 
 29.162736, -101.04202, 
 29.282128, -101.070993, 
 29.401186, -101.111029, 
 29.44883, -101.126886, 
 29.520271, -101.150603, 
 29.639815, -101.177587, 
 29.760533, -101.172111, 
 29.821676, -101.143838, 
 29.884146, -101.082639, 
 29.932959, -101.009773, 
 29.975912, -100.872446, 
 30.001338, -100.734266, 
 30.018105, -100.661581, 
 30.039668, -100.596507, 
 30.112022, -100.459888, 
 30.146152, -100.400685, 
 30.216272, -100.324158, 
 30.271655, -100.216459, 
 30.291074, -100.18708, 
 30.284412, -100.047136, 
 30.276265, -100.029443, 
 30.23786, -99.906015, 
 30.244018, -99.766566, 
 30.283252, -99.715054, 
 30.360768, -99.630063, 
 30.406181, -99.603018, 
 30.527584, -99.565851, 
 30.648104, -99.576099, 
 30.768758, -99.581195, 
 30.890373, -99.538291, 
 30.939107, -99.504824, 
 31.012475, -99.469375, 
 31.134404, -99.409353, 
 31.255754, -99.383167, 
 31.376212, -99.408195, 
 31.495759, -99.485355, 
 31.534503, -99.520052, 
 31.614759, -99.5895, 
 31.706223, -99.666722, 
 31.733723, -99.69296, 
 31.852846, -99.785398, 
 31.923301, -99.815385, 
 31.972722, -99.841221, 
 32.037097, -99.818763, 
 32.095007, -99.785096, 
 32.145619, -99.678946, 
 32.207775, -99.537529, 
 32.221634, -99.506044, 
 32.262001, -99.395699, 
 32.29416, -99.253178, 
 32.28896, -99.10977, 
 32.243231, -98.965621, 
 32.230615, -98.938954, 
 32.168289, -98.821149, 
 32.112253, -98.71422, 
 32.08899, -98.676893, 
 32.052514, -98.533499, 
 32.087227, -98.391054, 
 32.115758, -98.343918, 
 32.171349, -98.24896, 
 32.238027, -98.175009, 
 32.328591, -98.10713, 
 32.359645, -98.091472, 
 32.480897, -98.069543, 
 32.602004, -98.082183, 
 32.680533, -98.109889, 
 32.72294, -98.129721, 
 32.843608, -98.218376, 
 32.885788, -98.255887, 
 32.964055, -98.330829, 
 33.042663, -98.402098, 
 33.084391, -98.446868, 
 33.171662, -98.548527, 
 33.203871, -98.638187, 
 33.222423, -98.694235, 
 33.230805, -98.8394, 
 33.230116, -98.984425, 
 33.254029, -99.129972, 
 33.316963, -99.263931, 
 33.328651, -99.276784, 
 33.436413, -99.378539, 
 33.539021, -99.427292, 
 33.556752, -99.439532, 
 33.676977, -99.504668, 
 33.739603, -99.578365, 
 33.795412, -99.663619, 
 33.830762, -99.727044, 
 33.913876, -99.811588, 
 34.034111, -99.871298, 
 34.155571, -99.872933, 
 34.27793, -99.832226, 
 34.400812, -99.767252, 
 34.442839, -99.745013, 
 34.523646, -99.702645, 
 34.645893, -99.667468, 
 34.767495, -99.66638, 
 34.888905, -99.675979, 
 35.01093, -99.654815, 
 35.073046, -99.615191, 
 35.134145, -99.570169, 
 35.218772, -99.470395, 
 35.258563, -99.412829, 
 35.316505, -99.323874, 
 35.383985, -99.17705, 
 35.38449, -99.17631, 
 35.384033, -99.173753, 
 35.352836, -99.026456, 
 35.265073, -98.980596, 
 35.144286, -98.915406, 
 35.077181, -98.872271, 
 35.023514, -98.847848, 
 34.902968, -98.757159, 
 34.87199, -98.720351, 
 34.790323, -98.571004, 
 34.78355, -98.547853, 
 34.74877, -98.422473, 
 34.724378, -98.274282, 
 34.703812, -98.12622, 
 34.683779, -97.978243, 
 34.671343, -97.830379, 
 34.680452, -97.682617, 
 34.726276, -97.534837, 
 34.788419, -97.427893, 
 34.819734, -97.386806, 
 34.909737, -97.247226, 
 34.915033, -97.238402, 
 34.927165, -97.090074, 
 34.909133, -97.056256, 
 34.828046, -96.942519, 
 34.786839, -96.900684, 
 34.685556, -96.795754, 
 34.664021, -96.698671, 
 34.651762, -96.648317, 
 34.663564, -96.635308, 
 34.747302, -96.499301, 
 34.783733, -96.472071, 
 34.904275, -96.364651, 
 34.92103, -96.348715, 
 35.024685, -96.254522, 
 35.089876, -96.197514, 
 35.144834, -96.129221, 
 35.222518, -96.046332, 
 35.264503, -95.976952, 
 35.320311, -95.895357, 
 35.382922, -95.753137, 
 35.387463, -95.744702, 
 35.382326, -95.715668, 
 35.258884, -95.604991, 
 35.137385, -95.613277, 
 35.015916, -95.622499, 
 34.894101, -95.609421, 
 34.891415, -95.607991, 
 34.770967, -95.521294, 
 34.735997, -95.463934, 
 34.673527, -95.317788, 
 34.644146, -95.170861, 
 34.655456, -95.022709, 
 34.702108, -94.87328, 
 34.754669, -94.748923, 
 34.794729, -94.721971, 
 34.87411, -94.662013, 
 34.984507, -94.714978, 
 34.997162, -94.717842, 
 35.120516, -94.788617, 
 35.198279, -94.855942, 
 35.24479, -94.899321, 
 35.330942, -95.00041, 
 35.370115, -95.063166, 
 35.429494, -95.146454, 
 35.496412, -95.286718, 
 35.501325, -95.293666, 
 35.567579, -95.441306, 
 35.621845, -95.488492, 
 35.744841, -95.562815, 
 35.771565, -95.585678, 
 35.867953, -95.647973, 
 35.981346, -95.7307, 
 35.991114, -95.737958, 
 36.114339, -95.838984, 
 36.160015, -95.877217, 
 36.238371, -96.004963, 
 36.249077, -96.026218, 
 36.243033, -96.177271, 
 36.240586, -96.184162, 
 36.183677, -96.329135, 
 36.121788, -96.468329, 
 36.114853, -96.480885, 
 36.053141, -96.632267, 
 36.032437, -96.783002, 
 36.054496, -96.933325, 
 36.125652, -97.071305, 
 36.13415, -97.083414, 
 36.247707, -97.180645, 
 36.328854, -97.233411, 
 36.369633, -97.26152, 
 36.491566, -97.382815, 
 36.492431, -97.384245, 
 36.568803, -97.535706, 
 36.613276, -97.622152, 
 36.640974, -97.687469, 
 36.723369, -97.839576, 
 36.734547, -97.857256, 
 36.813214, -97.992075, 
 36.855465, -98.063004, 
 36.914505, -98.145047, 
 36.976369, -98.217974, 
 37.09783, -98.267631, 
 37.219852, -98.228991, 
 37.342071, -98.15973, 
 37.366827, -98.149036, 
 37.464147, -98.104524, 
 37.586023, -98.087755, 
 37.707722, -98.107785, 
 37.829347, -98.143381, 
 37.948943, -97.999776, 
 37.951887, -97.992665, 
 37.989405, -97.845504, 
 38.050712, -97.691116, 
 38.074627, -97.641797, 
 38.1609, -97.536491, 
 38.196513, -97.469156, 
 38.285084, -97.381372, 
 38.196269, -97.254109, 
 38.181176, -97.226583, 
 38.074254, -97.172796, 
 37.952325, -97.13127, 
 37.830452, -97.107794, 
 37.708573, -97.081312, 
 37.690207, -97.074511, 
 37.586597, -97.037867, 
 37.46449, -96.965027, 
 37.410707, -96.922809, 
 37.342205, -96.867358, 
 37.246907, -96.771113, 
 37.219652, -96.738709, 
 37.137932, -96.619434, 
 37.096218, -96.520289, 
 37.076795, -96.46753, 
 37.051955, -96.315291, 
 37.056127, -96.162624, 
 37.090853, -96.015984, 
 37.09251, -96.009282, 
 37.168597, -95.854893, 
 37.209568, -95.794547, 
 37.296715, -95.6989, 
 37.32936, -95.662824, 
 37.449835, -95.580486, 
 37.571147, -95.549445, 
 37.693717, -95.59564, 
 37.768476, -95.687219, 
 37.817648, -95.728897, 
 37.937839, -95.837457, 
 37.941111, -95.839069, 
 38.063506, -95.881196, 
 38.185911, -95.923938, 
 38.296088, -95.984438, 
 38.308606, -95.988372, 
 38.431057, -96.039532, 
 38.553731, -96.108912, 
 38.589963, -96.134105, 
 38.676434, -96.186428, 
 38.798449, -96.286443, 
 38.799357, -96.287481, 
 38.895801, -96.44131, 
 38.923908, -96.592832, 
 38.924578, -96.597461, 
 38.923974, -96.601521, 
 38.896352, -96.754328, 
 38.827964, -96.9114, 
 38.804301, -96.954143, 
 38.724636, -97.068381, 
 38.683189, -97.13648, 
 38.596274, -97.225006, 
 38.56177, -97.299279, 
 38.476862, -97.381056, 
 38.529151, -97.536678, 
 38.561926, -97.572671, 
 38.605892, -97.692591, 
 38.663229, -97.848743, 
 38.682884, -97.95231, 
 38.690536, -98.004935, 
 38.688305, -98.160975, 
 38.681563, -98.218257, 
 38.663241, -98.316748, 
 38.629243, -98.472294, 
 38.655464, -98.62864, 
 38.678247, -98.640962, 
 38.799528, -98.693433, 
 38.92068, -98.758388, 
 38.954544, -98.790003, 
 39.041334, -98.862598, 
 39.112817, -98.94986, 
 39.161306, -99.014717, 
 39.22816, -99.109462, 
 39.280648, -99.19776, 
 39.329849, -99.269246, 
 39.399414, -99.400352, 
 39.417234, -99.429104, 
 39.481176, -99.588673, 
 39.508876, -99.747387, 
 39.508835, -99.905291, 
 39.493514, -100.062652, 
 39.479592, -100.220006, 
 39.476824, -100.377757, 
 39.4772, -100.535639, 
 39.46515, -100.692974, 
 39.427713, -100.849067, 
 39.363586, -100.984575, 
 39.35551, -101.003291, 
 39.262235, -101.156132, 
 39.23525, -101.197644, 
 39.172382, -101.308767, 
 39.105333, -101.46229, 
 39.104722, -101.465236, 
 39.077383, -101.617795, 
 39.080269, -101.775033, 
 39.09159, -101.839384, 
 39.10947, -101.933931, 
 39.157623, -102.094194, 
 39.199325, -102.21193, 
 39.216373, -102.255393, 
 39.279565, -102.417181, 
 39.309023, -102.511514, 
 39.333472, -102.578607, 
 39.369396, -102.738969, 
 39.381744, -102.897715, 
 39.372232, -103.054825, 
 39.343917, -103.210398, 
 39.307753, -103.365216, 
 39.283395, -103.520891, 
 39.287659, -103.678965, 
 39.321031, -103.83967, 
 39.360897, -103.964786, 
 39.377446, -104.002652, 
 39.456328, -104.168026, 
 39.470106, -104.197884, 
 39.534507, -104.333724, 
 39.577831, -104.449123, 
 39.596111, -104.498166, 
 39.656648, -104.662812, 
 39.682868, -104.736759, 
 39.72332, -104.828399, 
 39.791652, -104.954492, 
 39.826019, -104.998149, 
 39.906552, -105.070352, 
 40.025011, -105.129139, 
 40.147063, -105.131133, 
 40.272933, -105.072776, 
 40.302459, -105.04915, 
 40.402923, -104.946914, 
 40.450749, -104.904662, 
 40.531544, -104.840872, 
 40.655585, -104.809116, 
 40.776799, -104.823813, 
 40.896221, -104.867913, 
 41.014167, -104.936175, 
 41.05949, -104.96974, 
 41.131185, -105.018682, 
 41.247609, -105.110003, 
 41.304533, -105.158773, 
 41.363101, -105.215125, 
 41.477652, -105.334049, 
 41.486063, -105.341936, 
 41.590477, -105.477483, 
 41.633127, -105.522079, 
 41.701417, -105.647362, 
 41.73889, -105.698076, 
 41.793538, -105.868389, 
 41.804252, -105.933282, 
 41.825668, -106.036196, 
 41.847727, -106.202907, 
 41.856058, -106.367969, 
 41.846266, -106.530705, 
 41.81793, -106.69093, 
 41.786637, -106.850646, 
 41.738473, -106.844058, 
 41.617479, -106.82757, 
 41.49647, -106.81114, 
 41.375444, -106.794767, 
 41.254403, -106.778451, 
 41.133347, -106.762193, 
 41.012277, -106.745991, 
 40.891194, -106.729846, 
 40.770097, -106.713756, 
 40.648989, -106.697723, 
 40.527868, -106.681745, 
 40.406736, -106.665822, 
 40.285593, -106.649954, 
 40.16444, -106.634141, 
 40.043277, -106.618382, 
 39.922106, -106.602677, 
 39.800926, -106.587027, 
 39.679738, -106.571429, 
 39.558543, -106.555885, 
 39.43734, -106.540394, 
 39.316132, -106.524956, 
 39.194918, -106.50957, 
 39.073699, -106.494237, 
 38.952475, -106.478955, 
 38.831248, -106.463725, 
 38.710016, -106.448546, 
 38.588782, -106.433419, 
 38.467546, -106.418342, 
 38.346308, -106.403317, 
 38.225069, -106.388341, 
 38.103829, -106.373416, 
 37.982588, -106.35854, 
 37.861349, -106.343714, 
 37.74011, -106.328938, 
 37.618873, -106.314211, 
 37.497637, -106.299532, 
 37.376405, -106.284903, 
 37.255175, -106.270321, 
 37.13395, -106.255788, 
 37.012728, -106.241303, 
 36.891511, -106.226866, 
 36.7703, -106.212476, 
 36.649094, -106.198133, 
 36.527895, -106.183837, 
 36.406703, -106.169588, 
 36.285518, -106.155386, 
 36.164341, -106.141229, 
 36.043173, -106.127119, 
 35.922014, -106.113055, 
 35.800865, -106.099037, 
 35.679725, -106.085064, 
 35.558596, -106.071136, 
 35.437479, -106.057253, 
 35.316373, -106.043415, 
 35.195279, -106.029621, 
 35.074198, -106.015872, 
 34.953131, -106.002167, 
 34.832077, -105.988506, 
 34.711038, -105.974888, 
 34.590013, -105.961314, 
 34.469004, -105.947784, 
 34.348011, -105.934296, 
 34.227034, -105.920851, 
 34.106074, -105.907449, 
 33.985131, -105.89409, 
 33.864207, -105.880772, 
 33.743301, -105.867497, 
 33.622414, -105.854264, 
 33.501546, -105.841072, 
 33.380698, -105.827922, 
 33.259871, -105.814813, 
 33.139065, -105.801745, 
 33.018281, -105.788718, 
 32.897518, -105.775732, 
 32.776778, -105.762786, 
 32.656061, -105.749881, 
 32.535368, -105.737016, 
 32.414698, -105.72419, 
 32.294053, -105.711405, 
 32.173433, -105.698659, 
 32.052839, -105.685953, 
 31.93227, -105.673285, 
 31.811729, -105.660657, 
 31.691214, -105.648068, 
 31.570726, -105.635517, 
 31.450267, -105.623005, 
 31.329836, -105.610531, 
 31.209434, -105.598095, 
 31.089061, -105.585698, 
 30.968718, -105.573338, 
 30.848406, -105.561015, 
 30.728125, -105.54873, 
 30.607875, -105.536483, 
 30.487656, -105.524273, 
 30.36747, -105.512099, 
 30.247317, -105.499962, 
 30.127197, -105.487862, 
 30.007111, -105.475799, 
 29.887059, -105.463771, 
 29.767042, -105.45178, 
 29.64706, -105.439825, 
 29.527113, -105.427906, 
 29.407203, -105.416022, 
 29.287329, -105.404174, 
 29.167492, -105.392361, 
 29.047692, -105.380583, 
 28.927931, -105.36884, 
 28.808208, -105.357132, 
 28.688523, -105.345459, 
 28.568878, -105.33382, 
 28.449273, -105.322216, 
 28.329708, -105.310646, 
 28.210183, -105.29911, 
 28.0907, -105.287608, 
 27.971258, -105.27614, 
 27.851858, -105.264706, 
 27.732501, -105.253305, 
 27.613187, -105.241937, 
 27.493916, -105.230602, 
 27.374688, -105.219301, 
 27.255505, -105.208033, 
 27.136367, -105.196797, 
 27.017273, -105.185594, 
 26.898225, -105.174423, 
 26.779223, -105.163285, 
 26.660268, -105.152179, 
 26.541359, -105.141105, 
 26.422498, -105.130063, 
 26.303684, -105.119053, 
 26.184918, -105.108074, 
 26.066201, -105.097127, 
 25.947533, -105.086211, 
 25.828914, -105.075327, 
 25.710345, -105.064474, 
 25.591826, -105.053651, 
 25.473358, -105.04286, 
 25.354941, -105.032099, 
 25.236575, -105.021369, 
 25.118261, -105.010669, 
 25.0, -105.0, 
 25.009572, -104.869527, 
End:

Polygon:
 24.694409, -78.085734, 241, 169, 93, 90

 24.634303, -77.966597, 
 24.695797, -77.926364, 
 24.778267, -77.932421, 
 24.822829, -77.955916, 
 24.90259, -78.036564, 
 24.85004, -78.095523, 
 24.729811, -78.100564, 
 24.694409, -78.085734, 
End:

Polygon:
 25.414061, -80.999622, 241, 169, 93, 90

 25.354989, -80.877865, 
 25.337658, -80.747751, 
 25.353599, -80.610824, 
 25.403531, -80.477358, 
 25.409536, -80.46553, 
 25.501844, -80.344176, 
 25.541428, -80.304088, 
 25.605689, -80.243764, 
 25.711775, -80.156409, 
 25.75319, -80.12517, 
 25.817824, -80.068898, 
 25.925301, -79.989549, 
 26.008054, -79.936044, 
 26.03314, -79.912169, 
 26.138018, -79.817812, 
 26.205227, -79.758278, 
 26.23967, -79.705056, 
 26.317651, -79.598269, 
 26.335397, -79.558984, 
 26.396097, -79.445315, 
 26.424122, -79.374379, 
 26.462881, -79.294636, 
 26.510579, -79.17843, 
 26.530786, -79.143417, 
 26.6011, -79.006278, 
 26.615649, -78.988033, 
 26.696831, -78.86363, 
 26.736062, -78.824089, 
 26.794357, -78.731271, 
 26.86049, -78.658684, 
 26.886967, -78.572862, 
 26.915207, -78.509103, 
 26.923344, -78.370296, 
 26.921327, -78.233841, 
 26.915791, -78.098195, 
 26.893723, -77.966517, 
 26.845508, -77.84122, 
 26.761496, -77.724792, 
 26.718809, -77.690827, 
 26.640928, -77.617554, 
 26.574316, -77.576945, 
 26.476608, -77.521402, 
 26.43709, -77.500419, 
 26.312213, -77.425656, 
 26.296813, -77.408771, 
 26.227977, -77.310376, 
 26.225446, -77.174885, 
 26.242735, -77.138799, 
 26.31628, -77.015805, 
 26.335619, -76.993963, 
 26.439379, -76.903031, 
 26.54654, -76.828582, 
 26.571081, -76.814482, 
 26.655053, -76.760748, 
 26.763456, -76.692196, 
 26.870531, -76.61695, 
 26.903935, -76.591648, 
 26.975278, -76.530426, 
 27.077908, -76.433573, 
 27.109859, -76.400291, 
 27.178456, -76.326824, 
 27.271007, -76.219784, 
 27.277325, -76.212032, 
 27.372315, -76.079113, 
 27.390039, -76.049757, 
 27.460322, -75.913543, 
 27.471744, -75.889245, 
 27.535766, -75.733157, 
 27.541712, -75.717764, 
 27.603623, -75.575706, 
 27.624936, -75.531783, 
 27.692055, -75.412252, 
 27.714788, -75.377321, 
 27.808055, -75.240699, 
 27.808336, -75.240338, 
 27.903835, -75.112782, 
 27.937794, -75.064705, 
 27.999623, -74.98676, 
 28.075927, -74.885706, 
 28.095709, -74.862278, 
 28.193582, -74.746163, 
 28.23429, -74.700213, 
 28.293396, -74.638892, 
 28.395912, -74.543741, 
 28.454787, -74.495895, 
 28.500699, -74.458712, 
 28.608006, -74.384867, 
 28.717811, -74.32192, 
 28.830126, -74.269915, 
 28.944478, -74.226733, 
 29.060093, -74.188942, 
 29.176403, -74.154018, 
 29.293159, -74.12086, 
 29.410174, -74.088634, 
 29.527199, -74.056244, 
 29.64428, -74.023892, 
 29.762105, -73.994622, 
 29.88171, -73.973011, 
 30.003738, -73.961892, 
 30.128168, -73.961156, 
 30.234764, -73.968379, 
 30.255048, -73.971067, 
 30.384625, -73.992954, 
 30.513548, -74.028537, 
 30.518067, -74.03178, 
 30.656059, -74.130334, 
 30.634654, -74.281675, 
 30.587768, -74.344564, 
 30.522242, -74.459924, 
 30.495348, -74.490244, 
 30.397048, -74.609603, 
 30.365649, -74.650572, 
 30.297771, -74.724699, 
 30.19837, -74.839283, 
 30.193756, -74.844845, 
 30.098806, -74.95347, 
 30.027166, -75.036658, 
 29.999943, -75.070948, 
 29.903438, -75.199645, 
 29.889757, -75.219294, 
 29.81476, -75.365432, 
 29.804171, -75.386601, 
 29.771815, -75.538567, 
 29.811087, -75.670416, 
 29.889968, -75.722075, 
 30.015967, -75.756406, 
 30.021134, -75.756514, 
 30.14168, -75.740033, 
 30.259256, -75.709048, 
 30.375276, -75.670374, 
 30.490695, -75.628612, 
 30.568356, -75.60182, 
 30.606478, -75.58842, 
 30.723978, -75.556252, 
 30.737827, -75.553996, 
 30.844038, -75.536174, 
 30.966855, -75.529138, 
 31.091768, -75.531941, 
 31.217557, -75.538724, 
 31.293679, -75.541358, 
 31.34295, -75.543501, 
 31.466351, -75.538605, 
 31.586792, -75.519221, 
 31.703939, -75.483758, 
 31.817621, -75.431406, 
 31.927715, -75.361596, 
 31.931751, -75.358351, 
 32.033741, -75.272389, 
 32.136972, -75.169688, 
 32.159928, -75.144877, 
 32.236003, -75.047247, 
 32.306158, -74.95432, 
 32.331092, -74.906344, 
 32.395186, -74.780042, 
 32.412166, -74.700181, 
 32.427099, -74.622472, 
 32.411279, -74.479155, 
 32.361024, -74.346327, 
 32.319357, -74.269955, 
 32.289265, -74.220198, 
 32.200305, -74.099536, 
 32.14008, -74.023003, 
 32.090054, -73.985683, 
 31.988952, -73.905646, 
 31.92364, -73.889491, 
 31.848366, -73.836311, 
 31.717558, -73.810752, 
 31.704032, -73.810175, 
 31.713394, -73.792193, 
 31.812181, -73.674888, 
 31.8508, -73.617308, 
 31.912466, -73.564326, 
 31.95962, -73.435603, 
 31.987051, -73.340873, 
 31.99249, -73.277457, 
 32.016973, -73.121777, 
 32.04152, -73.031604, 
 32.060571, -72.959776, 
 32.116682, -72.814318, 
 32.127292, -72.790011, 
 32.201982, -72.641719, 
 32.217097, -72.612303, 
 32.291401, -72.487358, 
 32.321452, -72.429283, 
 32.381458, -72.336181, 
 32.435257, -72.242528, 
 32.473024, -72.191774, 
 32.569022, -72.066294, 
 32.590972, -72.041016, 
 32.670801, -71.965223, 
 32.776607, -71.880912, 
 32.885019, -71.807326, 
 32.94294, -71.771611, 
 32.995236, -71.74119, 
 33.106569, -71.679628, 
 33.218995, -71.622451, 
 33.33365, -71.57435, 
 33.451766, -71.54041, 
 33.574184, -71.524093, 
 33.658516, -71.524605, 
 33.701193, -71.526677, 
 33.831787, -71.544158, 
 33.952243, -71.574335, 
 33.966001, -71.576537, 
 34.099444, -71.605923, 
 34.217039, -71.634577, 
 34.233332, -71.637036, 
 34.359767, -71.637063, 
 34.47813, -71.603035, 
 34.588592, -71.535699, 
 34.656253, -71.480359, 
 34.694445, -71.449001, 
 34.798685, -71.355648, 
 34.900333, -71.251389, 
 34.913882, -71.234608, 
 34.997769, -71.129902, 
 35.086981, -71.017606, 
 35.094918, -71.007255, 
 35.192426, -70.88645, 
 35.270514, -70.795639, 
 35.291042, -70.770221, 
 35.3886, -70.649935, 
 35.444018, -70.576144, 
 35.483838, -70.520315, 
 35.574728, -70.37325, 
 35.575897, -70.37105, 
 35.65937, -70.201517, 
 35.670306, -70.179191, 
 35.738149, -70.006887, 
 35.744605, -69.994371, 
 35.793262, -69.81887, 
 35.816165, -69.81012, 
 35.932373, -69.765586, 
 36.048574, -69.720913, 
 36.164768, -69.6761, 
 36.280953, -69.631146, 
 36.39713, -69.586052, 
 36.513297, -69.540816, 
 36.629454, -69.495437, 
 36.745601, -69.449916, 
 36.861737, -69.404251, 
 36.977862, -69.358442, 
 37.093974, -69.312487, 
 37.210074, -69.266388, 
 37.32616, -69.220142, 
 37.442233, -69.173749, 
 37.558292, -69.127208, 
 37.674335, -69.080519, 
 37.790363, -69.033682, 
 37.906375, -68.986694, 
 38.022371, -68.939557, 
 38.138349, -68.892268, 
 38.25431, -68.844827, 
 38.270056, -68.838364, 
 38.268239, -68.900112, 
 38.267522, -69.002335, 
 38.240662, -69.17605, 
 38.226476, -69.243683, 
 38.205235, -69.352973, 
 38.172236, -69.528668, 
 38.171124, -69.535664, 
 38.144256, -69.702075, 
 38.12392, -69.863697, 
 38.12264, -69.872777, 
 38.101186, -70.043183, 
 38.079968, -70.208614, 
 38.079272, -70.213604, 
 38.052667, -70.385598, 
 38.028941, -70.52767, 
 38.024609, -70.557954, 
 38.000699, -70.72848, 
 37.982777, -70.870633, 
 37.979969, -70.897624, 
 37.962116, -71.065475, 
 37.943403, -71.233503, 
 37.942371, -71.242342, 
 37.92395, -71.401596, 
 37.898134, -71.571873, 
 37.894722, -71.587116, 
 37.845988, -71.751495, 
 37.818813, -71.810832, 
 37.723668, -71.950327, 
 37.714552, -71.959364, 
 37.618283, -72.044773, 
 37.508858, -72.121191, 
 37.398959, -72.195427, 
 37.315576, -72.261322, 
 37.291661, -72.281242, 
 37.188736, -72.386824, 
 37.111709, -72.49178, 
 37.092052, -72.520467, 
 37.00078, -72.678977, 
 36.995193, -72.690636, 
 36.910164, -72.841145, 
 36.885345, -72.886446, 
 36.81585, -72.986977, 
 36.73324, -73.095901, 
 36.717359, -73.11393, 
 36.614109, -73.219379, 
 36.510254, -73.32196, 
 36.501303, -73.331093, 
 36.404895, -73.417868, 
 36.299955, -73.515679, 
 36.235315, -73.575885, 
 36.194318, -73.610302, 
 36.087576, -73.69992, 
 35.980171, -73.786346, 
 35.913885, -73.836795, 
 35.871986, -73.869151, 
 35.763551, -73.950866, 
 35.655031, -74.032089, 
 35.559207, -74.10593, 
 35.546966, -74.115392, 
 35.439633, -74.202351, 
 35.33411, -74.297815, 
 35.282852, -74.347711, 
 35.229547, -74.397955, 
 35.125027, -74.498425, 
 35.046492, -74.575175, 
 35.020697, -74.599815, 
 34.916634, -74.702738, 
 34.834207, -74.793706, 
 34.814635, -74.815612, 
 34.714355, -74.937175, 
 34.665341, -74.997729, 
 34.614735, -75.06217, 
 34.514067, -75.182251, 
 34.497585, -75.20042, 
 34.412722, -75.299403, 
 34.319572, -75.405155, 
 34.311128, -75.415371, 
 34.210561, -75.536858, 
 34.155197, -75.604826, 
 34.110505, -75.661073, 
 34.009727, -75.781924, 
 33.988531, -75.804219, 
 33.90545, -75.885544, 
 33.797843, -75.972375, 
 33.699346, -76.037682, 
 33.687457, -76.045095, 
 33.574999, -76.107411, 
 33.462721, -76.170498, 
 33.351413, -76.238376, 
 33.241214, -76.311751, 
 33.228967, -76.320141, 
 33.13083, -76.384298, 
 33.02113, -76.460244, 
 32.913115, -76.544682, 
 32.894195, -76.561739, 
 32.806089, -76.634385, 
 32.701375, -76.735971, 
 32.66837, -76.771548, 
 32.59732, -76.841182, 
 32.493523, -76.947788, 
 32.469055, -76.972933, 
 32.389603, -77.054031, 
 32.287965, -77.168373, 
 32.287366, -77.16911, 
 32.188968, -77.304972, 
 32.162272, -77.348261, 
 32.096633, -77.473557, 
 32.075991, -77.517254, 
 32.011177, -77.680002, 
 32.011063, -77.680309, 
 31.959371, -77.83963, 
 31.934438, -77.935807, 
 31.918637, -77.995918, 
 31.879713, -78.151529, 
 31.861227, -78.213776, 
 31.822833, -78.311399, 
 31.772097, -78.405974, 
 31.704509, -78.486131, 
 31.669337, -78.522784, 
 31.557498, -78.588776, 
 31.434537, -78.591929, 
 31.38891, -78.56358, 
 31.296034, -78.507841, 
 31.228236, -78.458389, 
 31.155411, -78.412383, 
 31.035942, -78.434594, 
 31.020183, -78.509333, 
 30.997529, -78.658817, 
 30.977773, -78.800172, 
 30.977686, -78.8075, 
 30.976196, -78.951671, 
 30.979742, -79.094605, 
 31.010948, -79.231021, 
 31.069491, -79.327394, 
 31.096887, -79.354747, 
 31.176814, -79.480102, 
 31.14064, -79.632394, 
 31.124078, -79.648915, 
 31.010748, -79.707269, 
 30.89176, -79.731639, 
 30.771893, -79.750528, 
 30.65277, -79.773624, 
 30.533483, -79.795515, 
 30.412719, -79.808331, 
 30.369099, -79.808016, 
 30.280438, -79.68571, 
 30.368888, -79.549232, 
 30.380238, -79.520511, 
 30.425426, -79.36749, 
 30.392352, -79.232512, 
 30.317294, -79.107465, 
 30.284879, -79.063343, 
 30.229934, -78.985523, 
 30.143916, -78.863507, 
 30.119367, -78.823086, 
 30.042845, -78.745311, 
 29.96549, -78.650972, 
 29.881161, -78.641933, 
 29.837489, -78.623578, 
 29.724185, -78.677418, 
 29.599048, -78.665564, 
 29.496021, -78.592595, 
 29.455326, -78.550936, 
 29.403716, -78.473557, 
 29.33316, -78.349501, 
 29.283403, -78.283844, 
 29.203237, -78.240082, 
 29.150475, -78.229925, 
 29.034702, -78.268402, 
 29.012728, -78.286334, 
 28.925742, -78.343542, 
 28.82292, -78.451845, 
 28.801523, -78.477476, 
 28.723591, -78.579504, 
 28.676468, -78.647185, 
 28.6275, -78.725313, 
 28.576247, -78.810497, 
 28.532569, -78.87818, 
 28.481178, -78.972156, 
 28.43895, -79.039125, 
 28.401376, -79.129873, 
 28.351639, -79.236549, 
 28.337453, -79.283615, 
 28.276041, -79.436499, 
 28.26747, -79.45344, 
 28.200802, -79.592189, 
 28.176474, -79.63303, 
 28.102679, -79.752613, 
 28.080609, -79.785463, 
 27.993863, -79.914947, 
 27.983577, -79.931816, 
 27.907498, -80.071928, 
 27.892614, -80.114834, 
 27.866045, -80.21888, 
 27.859536, -80.358197, 
 27.869784, -80.493911, 
 27.888076, -80.627934, 
 27.910041, -80.761217, 
 27.932356, -80.894465, 
 27.954762, -81.027731, 
 27.980695, -81.16032, 
 28.010495, -81.29218, 
 28.036638, -81.424836, 
 28.048344, -81.560406, 
 28.039614, -81.699999, 
 28.032369, -81.741792, 
 28.009814, -81.843618, 
 27.966717, -81.989661, 
 27.954198, -82.028917, 
 27.912671, -82.137594, 
 27.864904, -82.245333, 
 27.839418, -82.28892, 
 27.765539, -82.395297, 
 27.684455, -82.455167, 
 27.655776, -82.474631, 
 27.539267, -82.507661, 
 27.430498, -82.50234, 
 27.417203, -82.502146, 
 27.290597, -82.465498, 
 27.193795, -82.409847, 
 27.158062, -82.388234, 
 27.05041, -82.300463, 
 27.019982, -82.273954, 
 26.925502, -82.187972, 
 26.880735, -82.15272, 
 26.779423, -82.079823, 
 26.745664, -82.059935, 
 26.612532, -81.980291, 
 26.607455, -81.976985, 
 26.479397, -81.901058, 
 26.436698, -81.874335, 
 26.346419, -81.823039, 
 26.263127, -81.772655, 
 26.212771, -81.740884, 
 26.1148, -81.66652, 
 26.074655, -81.630446, 
 26.000637, -81.554108, 
 25.929098, -81.473578, 
 25.898437, -81.439651, 
 25.789966, -81.326696, 
 25.78395, -81.320762, 
 25.661183, -81.218044, 
 25.644255, -81.203303, 
 25.522995, -81.111596, 
 25.505762, -81.09399, 
 25.414061, -80.999622, 
End:

Polygon:
 26.416271, -87.525813, 241, 169, 93, 90

 26.375846, -87.396844, 
 26.351207, -87.266017, 
 26.333355, -87.134391, 
 26.314251, -87.002961, 
 26.294, -86.871718, 
 26.2911, -86.738245, 
 26.325834, -86.599764, 
 26.358794, -86.529669, 
 26.480713, -86.546623, 
 26.491812, -86.577694, 
 26.533409, -86.706418, 
 26.590302, -86.833262, 
 26.637296, -86.893063, 
 26.664616, -86.958023, 
 26.73259, -87.083797, 
 26.785873, -87.171716, 
 26.801023, -87.209707, 
 26.84563, -87.338766, 
 26.881187, -87.469058, 
 26.90155, -87.601283, 
 26.890953, -87.737251, 
 26.849859, -87.829062, 
 26.733118, -87.864274, 
 26.60699, -87.799352, 
 26.580001, -87.774253, 
 26.480457, -87.652041, 
 26.47138, -87.635466, 
 26.416271, -87.525813, 
End:

Polygon:
 28.307944, -85.781707, 241, 169, 93, 90

 28.278956, -85.648579, 
 28.276524, -85.511576, 
 28.281517, -85.398776, 
 28.285618, -85.37282, 
 28.320809, -85.230025, 
 28.371822, -85.137637, 
 28.494501, -85.150909, 
 28.592872, -85.188456, 
 28.621851, -85.203314, 
 28.753735, -85.302006, 
 28.768475, -85.421211, 
 28.77051, -85.4377, 
 28.770408, -85.43784, 
 28.684045, -85.588755, 
 28.66844, -85.604903, 
 28.560834, -85.723588, 
 28.530442, -85.749275, 
 28.450491, -85.818504, 
 28.329221, -85.815803, 
 28.307944, -85.781707, 
End:

Polygon:
 30.97611, -87.085336, 241, 169, 93, 90

 30.958967, -86.945832, 
 30.981679, -86.80584, 
 30.982455, -86.800838, 
 31.026972, -86.652817, 
 31.071732, -86.504577, 
 31.072467, -86.501619, 
 31.109545, -86.357117, 
 31.134077, -86.211407, 
 31.151844, -86.097259, 
 31.157358, -86.065762, 
 31.195424, -85.917808, 
 31.244397, -85.825937, 
 31.277954, -85.76302, 
 31.349691, -85.674817, 
 31.403223, -85.601367, 
 31.457038, -85.543377, 
 31.542172, -85.437054, 
 31.564505, -85.413788, 
 31.671721, -85.282833, 
 31.679291, -85.272412, 
 31.778108, -85.145628, 
 31.802963, -85.109296, 
 31.88189, -84.986827, 
 31.904493, -84.949213, 
 31.9817, -84.795525, 
 31.983341, -84.792399, 
 32.05693, -84.636097, 
 32.078866, -84.584586, 
 32.135624, -84.478607, 
 32.178949, -84.400235, 
 32.235209, -84.317204, 
 32.282849, -84.248896, 
 32.351704, -84.152427, 
 32.386967, -84.100438, 
 32.45473, -83.989477, 
 32.48794, -83.927965, 
 32.534998, -83.830093, 
 32.58363, -83.715394, 
 32.600678, -83.672965, 
 32.658091, -83.517032, 
 32.674815, -83.470546, 
 32.715453, -83.360835, 
 32.764881, -83.220585, 
 32.771818, -83.20456, 
 32.832375, -83.047218, 
 32.852976, -82.959686, 
 32.875157, -82.892979, 
 32.879166, -82.745995, 
 32.841007, -82.607158, 
 32.787072, -82.475462, 
 32.785891, -82.471754, 
 32.753437, -82.332021, 
 32.7559, -82.252221, 
 32.763579, -82.183868, 
 32.847395, -82.030074, 
 32.856569, -82.018909, 
 32.955099, -81.923301, 
 33.066558, -81.842647, 
 33.101814, -81.822295, 
 33.179927, -81.775423, 
 33.292718, -81.704149, 
 33.401156, -81.613096, 
 33.40239, -81.611196, 
 33.463535, -81.452372, 
 33.425989, -81.312647, 
 33.341299, -81.183149, 
 33.338693, -81.179764, 
 33.215695, -81.062725, 
 33.194835, -81.042965, 
 33.05912, -80.960845, 
 33.043209, -80.952845, 
 32.92444, -80.886128, 
 32.87129, -80.843314, 
 32.791964, -80.713973, 
 32.800003, -80.565537, 
 32.850368, -80.409627, 
 32.850973, -80.407442, 
 32.926008, -80.243637, 
 32.942543, -80.212993, 
 33.016543, -80.075923, 
 33.038403, -80.040797, 
 33.134022, -79.901539, 
 33.138476, -79.895622, 
 33.243534, -79.781903, 
 33.301453, -79.714863, 
 33.34858, -79.668266, 
 33.455326, -79.565275, 
 33.507311, -79.5182, 
 33.564677, -79.478219, 
 33.676448, -79.405898, 
 33.787284, -79.32779, 
 33.834293, -79.291225, 
 33.897216, -79.244347, 
 33.997877, -79.105549, 
 33.999389, -79.101875, 
 34.064442, -78.93634, 
 34.081299, -78.865853, 
 34.096017, -78.778813, 
 34.111311, -78.625187, 
 34.113828, -78.474691, 
 34.115946, -78.347177, 
 34.116919, -78.323987, 
 34.141292, -78.167724, 
 34.183125, -78.023721, 
 34.190242, -78.004935, 
 34.278192, -77.860029, 
 34.300544, -77.825753, 
 34.378853, -77.728264, 
 34.441777, -77.637762, 
 34.477718, -77.586947, 
 34.551642, -77.457428, 
 34.571547, -77.418586, 
 34.631273, -77.284697, 
 34.658568, -77.214212, 
 34.697323, -77.115252, 
 34.740784, -76.985441, 
 34.755709, -76.947568, 
 34.81128, -76.780337, 
 34.821103, -76.748571, 
 34.898947, -76.603752, 
 34.914053, -76.580264, 
 35.024098, -76.502625, 
 35.141698, -76.464578, 
 35.258967, -76.424667, 
 35.370108, -76.352439, 
 35.414463, -76.304286, 
 35.473303, -76.238711, 
 35.573871, -76.11145, 
 35.589106, -76.100233, 
 35.684743, -76.03805, 
 35.782509, -76.04377, 
 35.812663, -76.052896, 
 35.933551, -76.153927, 
 35.961654, -76.177852, 
 36.096771, -76.230798, 
 36.216197, -76.201272, 
 36.331355, -76.149254, 
 36.449182, -76.111136, 
 36.572487, -76.101645, 
 36.61648, -76.10878, 
 36.704385, -76.137494, 
 36.840893, -76.197719, 
 36.842206, -76.198364, 
 36.979938, -76.272041, 
 37.047938, -76.294337, 
 37.112245, -76.310648, 
 37.239677, -76.323318, 
 37.365377, -76.326607, 
 37.444889, -76.334612, 
 37.492504, -76.337572, 
 37.62102, -76.356183, 
 37.749454, -76.374257, 
 37.823462, -76.380772, 
 37.876634, -76.385624, 
 38.000593, -76.379595, 
 38.119876, -76.348059, 
 38.232114, -76.278131, 
 38.258014, -76.25149, 
 38.29628, -76.080558, 
 38.255375, -75.933458, 
 38.204027, -75.789664, 
 38.203352, -75.63042, 
 38.229121, -75.594245, 
 38.337531, -75.505506, 
 38.454335, -75.46064, 
 38.57843, -75.453868, 
 38.687131, -75.480292, 
 38.711548, -75.4944, 
 38.836901, -75.594338, 
 38.863513, -75.635003, 
 38.924386, -75.728136, 
 38.955214, -75.87967, 
 38.932859, -76.006253, 
 38.912695, -76.053674, 
 38.848026, -76.225193, 
 38.842807, -76.235667, 
 38.852239, -76.248212, 
 38.933439, -76.369086, 
 39.004474, -76.397188, 
 39.124005, -76.472907, 
 39.14525, -76.48403, 
 39.283317, -76.586593, 
 39.289837, -76.592934, 
 39.396546, -76.714449, 
 39.451955, -76.802002, 
 39.483017, -76.850599, 
 39.558188, -76.990346, 
 39.631239, -77.112704, 
 39.641989, -77.127836, 
 39.753817, -77.257441, 
 39.785512, -77.283576, 
 39.912935, -77.373733, 
 39.926955, -77.381109, 
 40.063951, -77.453433, 
 40.11081, -77.479308, 
 40.200241, -77.522116, 
 40.321283, -77.581829, 
 40.33604, -77.588274, 
 40.46876, -77.636733, 
 40.591846, -77.667625, 
 40.598816, -77.669256, 
 40.726214, -77.686262, 
 40.852314, -77.695416, 
 40.978438, -77.704726, 
 41.018603, -77.708936, 
 41.104928, -77.716522, 
 41.231305, -77.72777, 
 41.357405, -77.737346, 
 41.467603, -77.744261, 
 41.4832, -77.745123, 
 41.608785, -77.751963, 
 41.736283, -77.770584, 
 41.847538, -77.800157, 
 41.866518, -77.806169, 
 41.997617, -77.847674, 
 42.122731, -77.887237, 
 42.128793, -77.889733, 
 42.260038, -77.932911, 
 42.385266, -77.978665, 
 42.392413, -77.98328, 
 42.532848, -78.085313, 
 42.548668, -78.09959, 
 42.665195, -78.23461, 
 42.683948, -78.256686, 
 42.798473, -78.36523, 
 42.832876, -78.416516, 
 42.887822, -78.50888, 
 42.871932, -78.67139, 
 42.87061, -78.683074, 
 42.764785, -78.782775, 
 42.674337, -78.907115, 
 42.661011, -78.916669, 
 42.556243, -79.044869, 
 42.520439, -79.118102, 
 42.456417, -79.206731, 
 42.400891, -79.31873, 
 42.359475, -79.389164, 
 42.302219, -79.512978, 
 42.26503, -79.590115, 
 42.217907, -79.702782, 
 42.173285, -79.81153, 
 42.143466, -79.889463, 
 42.084621, -80.056673, 
 42.078799, -80.073147, 
 42.021771, -80.254446, 
 42.000502, -80.33733, 
 41.972712, -80.43337, 
 41.930795, -80.610197, 
 41.920716, -80.653192, 
 41.879612, -80.789017, 
 41.833986, -80.923102, 
 41.811373, -80.971672, 
 41.735909, -81.112062, 
 41.702419, -81.16368, 
 41.633732, -81.271943, 
 41.581397, -81.357865, 
 41.534981, -81.458925, 
 41.500486, -81.541922, 
 41.460016, -81.716146, 
 41.452943, -81.776304, 
 41.437851, -81.885917, 
 41.430499, -82.05218, 
 41.436439, -82.215388, 
 41.458589, -82.37499, 
 41.505461, -82.529234, 
 41.560412, -82.631835, 
 41.591547, -82.675133, 
 41.702784, -82.789923, 
 41.751582, -82.805408, 
 41.832338, -82.843188, 
 41.950475, -82.801245, 
 41.996054, -82.752443, 
 42.061699, -82.701898, 
 42.169677, -82.576179, 
 42.191178, -82.543663, 
 42.27453, -82.425761, 
 42.311737, -82.350358, 
 42.372975, -82.224487, 
 42.397119, -82.164316, 
 42.468394, -82.001087, 
 42.477596, -81.978877, 
 42.562652, -81.791858, 
 42.564719, -81.787475, 
 42.643845, -81.605207, 
 42.659476, -81.564196, 
 42.711456, -81.421304, 
 42.746298, -81.282518, 
 42.758549, -81.241968, 
 42.791001, -81.065908, 
 42.803656, -80.894554, 
 42.807715, -80.814961, 
 42.822745, -80.721449, 
 42.863235, -80.54275, 
 42.885083, -80.47509, 
 42.966026, -80.347737, 
 42.986518, -80.314252, 
 43.105873, -80.283756, 
 43.13568, -80.303905, 
 43.244439, -80.393071, 
 43.286631, -80.43438, 
 43.388344, -80.543023, 
 43.417717, -80.570495, 
 43.53061, -80.682977, 
 43.555616, -80.705364, 
 43.670563, -80.807536, 
 43.705474, -80.837716, 
 43.81026, -80.93185, 
 43.852654, -80.971297, 
 43.955929, -81.10373, 
 43.963802, -81.11445, 
 43.966138, -81.182845, 
 43.965489, -81.285148, 
 43.866206, -81.363822, 
 43.75036, -81.421121, 
 43.632732, -81.464574, 
 43.516001, -81.515178, 
 43.412103, -81.590411, 
 43.403032, -81.595443, 
 43.292718, -81.697389, 
 43.220383, -81.805394, 
 43.18936, -81.855025, 
 43.118527, -81.998159, 
 43.094209, -82.080295, 
 43.062905, -82.179641, 
 43.053385, -82.350291, 
 43.090664, -82.510319, 
 43.159771, -82.62106, 
 43.185192, -82.657722, 
 43.299966, -82.766711, 
 43.337448, -82.792711, 
 43.434818, -82.868811, 
 43.519471, -82.921724, 
 43.571021, -82.98392, 
 43.626611, -83.067778, 
 43.6388, -83.234794, 
 43.613915, -83.361262, 
 43.602022, -83.412267, 
 43.562153, -83.59013, 
 43.552581, -83.761456, 
 43.57851, -83.9254, 
 43.661021, -84.077953, 
 43.696079, -84.115087, 
 43.825577, -84.180711, 
 43.932906, -84.192677, 
 43.949917, -84.197785, 
 44.076765, -84.239579, 
 44.154545, -84.318398, 
 44.179251, -84.484149, 
 44.173805, -84.655888, 
 44.16299, -84.828594, 
 44.150714, -84.969796, 
 44.144535, -85.002655, 
 44.091421, -85.183062, 
 44.05682, -85.262301, 
 43.974522, -85.374897, 
 43.948349, -85.406758, 
 43.832806, -85.478089, 
 43.711229, -85.485925, 
 43.599424, -85.443551, 
 43.583929, -85.433742, 
 43.453491, -85.350006, 
 43.328916, -85.327488, 
 43.220059, -85.468687, 
 43.208093, -85.514304, 
 43.116032, -85.662085, 
 43.090994, -85.70295, 
 43.002572, -85.757278, 
 42.885418, -85.813621, 
 42.767692, -85.86402, 
 42.65053, -85.920617, 
 42.590898, -85.95687, 
 42.533779, -85.981981, 
 42.416934, -86.042852, 
 42.300721, -86.110729, 
 42.184902, -86.183019, 
 42.165679, -86.194477, 
 42.068022, -86.244426, 
 41.951343, -86.308301, 
 41.835765, -86.384426, 
 41.784744, -86.421845, 
 41.720823, -86.468193, 
 41.607073, -86.565837, 
 41.550674, -86.623369, 
 41.495075, -86.683922, 
 41.399542, -86.810588, 
 41.385636, -86.832145, 
 41.290109, -86.990578, 
 41.278892, -87.013553, 
 41.186111, -87.169142, 
 41.171882, -87.194531, 
 41.059294, -87.31156, 
 40.941182, -87.363042, 
 40.818718, -87.36293, 
 40.69286, -87.322592, 
 40.589474, -87.257715, 
 40.563572, -87.241908, 
 40.437585, -87.119063, 
 40.429817, -87.110497, 
 40.335019, -86.973551, 
 40.287884, -86.888631, 
 40.251689, -86.825507, 
 40.175952, -86.67661, 
 40.139319, -86.598907, 
 40.084908, -86.5304, 
 40.000349, -86.420918, 
 39.949646, -86.39154, 
 39.869308, -86.331054, 
 39.783597, -86.258106, 
 39.736214, -86.22049, 
 39.662407, -86.118032, 
 39.59819, -86.060233, 
 39.532501, -85.979832, 
 39.460717, -85.908459, 
 39.397151, -85.843007, 
 39.323557, -85.7624, 
 39.25944, -85.707068, 
 39.188329, -85.637966, 
 39.08671, -85.57751, 
 39.057785, -85.56132, 
 38.930436, -85.517064, 
 38.803709, -85.478903, 
 38.777129, -85.471667, 
 38.677739, -85.448673, 
 38.553461, -85.434976, 
 38.432718, -85.455521, 
 38.322176, -85.547888, 
 38.319587, -85.549845, 
 38.215077, -85.722016, 
 38.214384, -85.723027, 
 38.139593, -85.890486, 
 38.114324, -85.950182, 
 38.079727, -86.056091, 
 38.043607, -86.217676, 
 38.029533, -86.338844, 
 38.025725, -86.376255, 
 38.02149, -86.532642, 
 38.025296, -86.687776, 
 38.03094, -86.842625, 
 38.032835, -86.998014, 
 38.02693, -87.1545, 
 38.010847, -87.312369, 
 38.001236, -87.369405, 
 37.977745, -87.472494, 
 37.933062, -87.634026, 
 37.909044, -87.723686, 
 37.883842, -87.795937, 
 37.841453, -87.956698, 
 37.816995, -88.091882, 
 37.811432, -88.115645, 
 37.779241, -88.2747, 
 37.747991, -88.433477, 
 37.728803, -88.524046, 
 37.708299, -88.593124, 
 37.658364, -88.753803, 
 37.630867, -88.845219, 
 37.603882, -88.914773, 
 37.556452, -89.07466, 
 37.534105, -89.194066, 
 37.526344, -89.23235, 
 37.503981, -89.389016, 
 37.484651, -89.545236, 
 37.465384, -89.701346, 
 37.455572, -89.827209, 
 37.452051, -89.856728, 
 37.458269, -90.010021, 
 37.473527, -90.103036, 
 37.482708, -90.161486, 
 37.502275, -90.313511, 
 37.501988, -90.467518, 
 37.498246, -90.500428, 
 37.485016, -90.623074, 
 37.466708, -90.778662, 
 37.459263, -90.933176, 
 37.462267, -91.086722, 
 37.468632, -91.239974, 
 37.47659, -91.393103, 
 37.492485, -91.545599, 
 37.525008, -91.696823, 
 37.571344, -91.838256, 
 37.573765, -91.846909, 
 37.617502, -91.997554, 
 37.647525, -92.149376, 
 37.654296, -92.302969, 
 37.635218, -92.458368, 
 37.604428, -92.562956, 
 37.584126, -92.615818, 
 37.493249, -92.775612, 
 37.491456, -92.778293, 
 37.392409, -92.935613, 
 37.37707, -92.9678, 
 37.329725, -93.092863, 
 37.300149, -93.247909, 
 37.284001, -93.402066, 
 37.274349, -93.487645, 
 37.264385, -93.55633, 
 37.223883, -93.711579, 
 37.164474, -93.849262, 
 37.151861, -93.868211, 
 37.047367, -94.002911, 
 37.020753, -94.027319, 
 36.928579, -94.105745, 
 36.809184, -94.188775, 
 36.807993, -94.189526, 
 36.689074, -94.249737, 
 36.568502, -94.294062, 
 36.447053, -94.306881, 
 36.324837, -94.292155, 
 36.202204, -94.262204, 
 36.114483, -94.220408, 
 36.078695, -94.201723, 
 35.976531, -94.07601, 
 35.952061, -94.038546, 
 35.909803, -93.928727, 
 35.862029, -93.780754, 
 35.820669, -93.63263, 
 35.816605, -93.615531, 
 35.788418, -93.484166, 
 35.760059, -93.335604, 
 35.733441, -93.187044, 
 35.704993, -93.038689, 
 35.669599, -92.890864, 
 35.667313, -92.882558, 
 35.619849, -92.744077, 
 35.576503, -92.597056, 
 35.554002, -92.448786, 
 35.549785, -92.29932, 
 35.548074, -92.149679, 
 35.535314, -92.000842, 
 35.506473, -91.853257, 
 35.497079, -91.820328, 
 35.456063, -91.707437, 
 35.403104, -91.562002, 
 35.365663, -91.4155, 
 35.348213, -91.267467, 
 35.343523, -91.223049, 
 35.331237, -91.119444, 
 35.2642, -90.975825, 
 35.20446, -90.922815, 
 35.123048, -90.839026, 
 35.075016, -90.795476, 
 34.997144, -90.701348, 
 34.941508, -90.604306, 
 34.916942, -90.559909, 
 34.872342, -90.415406, 
 34.864724, -90.267511, 
 34.893874, -90.116027, 
 34.907375, -90.070439, 
 34.93403, -89.9633, 
 34.956708, -89.812176, 
 34.936092, -89.66545, 
 34.872808, -89.566656, 
 34.831579, -89.527671, 
 34.744466, -89.478072, 
 34.619224, -89.433089, 
 34.563455, -89.407803, 
 34.491617, -89.356057, 
 34.428197, -89.274367, 
 34.396342, -89.129977, 
 34.428104, -88.978533, 
 34.458832, -88.919529, 
 34.518558, -88.820205, 
 34.567724, -88.750299, 
 34.629829, -88.659038, 
 34.675401, -88.568435, 
 34.703356, -88.501878, 
 34.72305, -88.35092, 
 34.705985, -88.204394, 
 34.663443, -88.0611, 
 34.627124, -87.984771, 
 34.592617, -87.921533, 
 34.507162, -87.784088, 
 34.483399, -87.736052, 
 34.440809, -87.64444, 
 34.41187, -87.50007, 
 34.419433, -87.350891, 
 34.441125, -87.265984, 
 34.460879, -87.197037, 
 34.518834, -87.0407, 
 34.536818, -86.980938, 
 34.558501, -86.886665, 
 34.574264, -86.735851, 
 34.579426, -86.586481, 
 34.581717, -86.437484, 
 34.577188, -86.289463, 
 34.555202, -86.144056, 
 34.506973, -86.002705, 
 34.42708, -85.879267, 
 34.412212, -85.868683, 
 34.298824, -85.824388, 
 34.176939, -85.829874, 
 34.057209, -85.855576, 
 33.93759, -85.882127, 
 33.816352, -85.893106, 
 33.690977, -85.864598, 
 33.648165, -85.838245, 
 33.555349, -85.739954, 
 33.528425, -85.709771, 
 33.41783, -85.599289, 
 33.357196, -85.5897, 
 33.294257, -85.588009, 
 33.235424, -85.608644, 
 33.176426, -85.629377, 
 33.06091, -85.692093, 
 32.945748, -85.757875, 
 32.851227, -85.813539, 
 32.830811, -85.82562, 
 32.716841, -85.902723, 
 32.604491, -85.994797, 
 32.603218, -85.99611, 
 32.493714, -86.102537, 
 32.43948, -86.165131, 
 32.384341, -86.22406, 
 32.297336, -86.330303, 
 32.275928, -86.355586, 
 32.169457, -86.492819, 
 32.168171, -86.494528, 
 32.061433, -86.644916, 
 32.055921, -86.652764, 
 31.955815, -86.808015, 
 31.954045, -86.810614, 
 31.849061, -86.96138, 
 31.842107, -86.969383, 
 31.738185, -87.073802, 
 31.647462, -87.138663, 
 31.624187, -87.154001, 
 31.507729, -87.208883, 
 31.38991, -87.249211, 
 31.27029, -87.270352, 
 31.147306, -87.255911, 
 31.070588, -87.214752, 
 31.015973, -87.154554, 
 30.97611, -87.085336, 
End:

Polygon:
 33.609571, -90.824527, 241, 169, 93, 90

 33.602421, -90.679034, 
 33.605261, -90.665154, 
 33.648142, -90.52873, 
 33.713487, -90.450721, 
 33.830067, -90.369587, 
 33.847809, -90.363861, 
 33.949565, -90.334246, 
 34.071727, -90.339538, 
 34.07777, -90.34229, 
 34.199499, -90.478126, 
 34.203151, -90.489996, 
 34.234337, -90.622258, 
 34.258551, -90.767448, 
 34.288877, -90.912184, 
 34.331325, -91.055992, 
 34.36448, -91.148047, 
 34.383321, -91.199152, 
 34.423762, -91.343428, 
 34.435546, -91.490118, 
 34.390539, -91.622372, 
 34.269815, -91.641532, 
 34.144737, -91.578581, 
 34.065348, -91.519333, 
 34.017806, -91.481444, 
 33.908129, -91.385037, 
 33.889867, -91.36748, 
 33.767951, -91.249887, 
 33.761093, -91.240851, 
 33.682037, -91.110685, 
 33.637037, -90.968295, 
 33.618069, -90.875347, 
 33.609571, -90.824527, 
End:

Polygon:
 34.717999, -94.13296, 241, 169, 93, 90

 34.698005, -93.985911, 
 34.707705, -93.837493, 
 34.726363, -93.771149, 
 34.800226, -93.684848, 
 34.843533, -93.638513, 
 34.898326, -93.679887, 
 34.971195, -93.816067, 
 34.972521, -93.824626, 
 34.97826, -93.972845, 
 34.976682, -93.987353, 
 34.942764, -94.122923, 
 34.87239, -94.274345, 
 34.864195, -94.293646, 
 34.834543, -94.275961, 
 34.74024, -94.214019, 
 34.717999, -94.13296, 
End:

Polygon:
 38.154048, -95.212742, 241, 169, 93, 90

 38.174109, -95.208169, 
 38.177319, -95.212007, 
 38.174637, -95.235857, 
 38.154048, -95.212742, 
End:

Polygon:
 41.945223, -103.427453, 241, 169, 93, 90

 41.896845, -103.259583, 
 41.901502, -103.0963, 
 41.959274, -102.93723, 
 41.973788, -102.911511, 
 42.04585, -102.780141, 
 42.105443, -102.680304, 
 42.140274, -102.623255, 
 42.23592, -102.467246, 
 42.236682, -102.466093, 
 42.347592, -102.309532, 
 42.364646, -102.288034, 
 42.491238, -102.158688, 
 42.49575, -102.155027, 
 42.616174, -102.069128, 
 42.734283, -102.005882, 
 42.740224, -102.002972, 
 42.863821, -101.946414, 
 42.987292, -101.892836, 
 43.054524, -101.860997, 
 43.110799, -101.836573, 
 43.234555, -101.770968, 
 43.330424, -101.711949, 
 43.358628, -101.69463, 
 43.483215, -101.599191, 
 43.532377, -101.557183, 
 43.608097, -101.491101, 
 43.71639, -101.400437, 
 43.732752, -101.387006, 
 43.856632, -101.303605, 
 43.979604, -101.249684, 
 43.988468, -101.247818, 
 44.101687, -101.223173, 
 44.222983, -101.223096, 
 44.343681, -101.242998, 
 44.46402, -101.274519, 
 44.465613, -101.275045, 
 44.584017, -101.315452, 
 44.703451, -101.374274, 
 44.822269, -101.452748, 
 44.843937, -101.467799, 
 44.941189, -101.524626, 
 45.06074, -101.574794, 
 45.180924, -101.603756, 
 45.301515, -101.618667, 
 45.422348, -101.624822, 
 45.543378, -101.623641, 
 45.664556, -101.616666, 
 45.785762, -101.607729, 
 45.90688, -101.60049, 
 46.027861, -101.596556, 
 46.148697, -101.596147, 
 46.269425, -101.598043, 
 46.390163, -101.598439, 
 46.511089, -101.591617, 
 46.6001, -101.577822, 
 46.632425, -101.569986, 
 46.754469, -101.522449, 
 46.876965, -101.458381, 
 46.937994, -101.423201, 
 47.000277, -101.362716, 
 47.12356, -101.264813, 
 47.134264, -101.258408, 
 47.247861, -101.123065, 
 47.281635, -101.089787, 
 47.296311, -100.913106, 
 47.25493, -100.847874, 
 47.143491, -100.727688, 
 47.137531, -100.724295, 
 47.018245, -100.673899, 
 46.898872, -100.625512, 
 46.779728, -100.565604, 
 46.724144, -100.530329, 
 46.660866, -100.489812, 
 46.542125, -100.404832, 
 46.447305, -100.341982, 
 46.423195, -100.325885, 
 46.304087, -100.250108, 
 46.184941, -100.174409, 
 46.158971, -100.154816, 
 46.066232, -100.070768, 
 45.982191, -99.973662, 
 45.948384, -99.915743, 
 45.893537, -99.796674, 
 45.85636, -99.621887, 
 45.854501, -99.448383, 
 45.873107, -99.275464, 
 45.901274, -99.10269, 
 45.93775, -98.929955, 
 45.963666, -98.83756, 
 45.985989, -98.757259, 
 46.04523, -98.584494, 
 46.087537, -98.47801, 
 46.116268, -98.41158, 
 46.207527, -98.238519, 
 46.209816, -98.235182, 
 46.33108, -98.109629, 
 46.40308, -98.065893, 
 46.451989, -98.04265, 
 46.572704, -98.00316, 
 46.693345, -97.973354, 
 46.813933, -97.947679, 
 46.934477, -97.922992, 
 47.054984, -97.89767, 
 47.067085, -97.895131, 
 47.175417, -97.873335, 
 47.295793, -97.854796, 
 47.416106, -97.845001, 
 47.536357, -97.844086, 
 47.656546, -97.851797, 
 47.776666, -97.870305, 
 47.888832, -97.900385, 
 47.896708, -97.90254, 
 48.016634, -97.944179, 
 48.136502, -97.989263, 
 48.256335, -98.031129, 
 48.376149, -98.065583, 
 48.46713, -98.084972, 
 48.495941, -98.090693, 
 48.615699, -98.10825, 
 48.735405, -98.12646, 
 48.855023, -98.152563, 
 48.974521, -98.193363, 
 49.093867, -98.255227, 
 49.122821, -98.274098, 
 49.213037, -98.328465, 
 49.332062, -98.413138, 
 49.394439, -98.461202, 
 49.450954, -98.502546, 
 49.569675, -98.599784, 
 49.619113, -98.649114, 
 49.688022, -98.72684, 
 49.763522, -98.836648, 
 49.805662, -98.910837, 
 49.864305, -99.023982, 
 49.92238, -99.151214, 
 49.950635, -99.211542, 
 50.029498, -99.399417, 
 50.038252, -99.422526, 
 50.113369, -99.587982, 
 50.154151, -99.653757, 
 50.271718, -99.75784, 
 50.346153, -99.782865, 
 50.390268, -99.792828, 
 50.509133, -99.803506, 
 50.506288, -99.976237, 
 50.502967, -100.163226, 
 50.499404, -100.350193, 
 50.495599, -100.537136, 
 50.491553, -100.724055, 
 50.487265, -100.910947, 
 50.482736, -101.09781, 
 50.477966, -101.284644, 
 50.472954, -101.471447, 
 50.468395, -101.633522, 
 50.350414, -101.592454, 
 50.23312, -101.525013, 
 50.128191, -101.448213, 
 50.116294, -101.438595, 
 49.999741, -101.336712, 
 49.894806, -101.247358, 
 49.883093, -101.235851, 
 49.765905, -101.14987, 
 49.647673, -101.10263, 
 49.528791, -101.078682, 
 49.409652, -101.062758, 
 49.290338, -101.051626, 
 49.170797, -101.047314, 
 49.051097, -101.04726, 
 48.931526, -101.040215, 
 48.812493, -101.010258, 
 48.781001, -100.996498, 
 48.694082, -100.952255, 
 48.575829, -100.88522, 
 48.456551, -100.858253, 
 48.334824, -100.929569, 
 48.30251, -100.969137, 
 48.214709, -101.144349, 
 48.208155, -101.186949, 
 48.185463, -101.322724, 
 48.201968, -101.411453, 
 48.215375, -101.504804, 
 48.288234, -101.690016, 
 48.312566, -101.733248, 
 48.388801, -101.877673, 
 48.426103, -101.94087, 
 48.494248, -102.066334, 
 48.539228, -102.151074, 
 48.592627, -102.255118, 
 48.651771, -102.368474, 
 48.698325, -102.445132, 
 48.76548, -102.54394, 
 48.856227, -102.640263, 
 48.881023, -102.664061, 
 48.997732, -102.748684, 
 49.115026, -102.816411, 
 49.196478, -102.852639, 
 49.232781, -102.870027, 
 49.350953, -102.910639, 
 49.469482, -102.940699, 
 49.587861, -102.973325, 
 49.705684, -103.018991, 
 49.822902, -103.079011, 
 49.852923, -103.097181, 
 49.939328, -103.156494, 
 50.055596, -103.236124, 
 50.172171, -103.306763, 
 50.191441, -103.31578, 
 50.289254, -103.362139, 
 50.407109, -103.397194, 
 50.401903, -103.523782, 
 50.393998, -103.710092, 
 50.385853, -103.89635, 
 50.377467, -104.082556, 
 50.368841, -104.268708, 
 50.359974, -104.454805, 
 50.350867, -104.640845, 
 50.34152, -104.826826, 
 50.331933, -105.012747, 
 50.322105, -105.198607, 
 50.312038, -105.384404, 
 50.301731, -105.570137, 
 50.291184, -105.755804, 
 50.280397, -105.941403, 
 50.269371, -106.126933, 
 50.258106, -106.312394, 
 50.246601, -106.497782, 
 50.234856, -106.683097, 
 50.222873, -106.868338, 
 50.210651, -107.053503, 
 50.19819, -107.23859, 
 50.18549, -107.423597, 
 50.172551, -107.608525, 
 50.159374, -107.79337, 
 50.145958, -107.978132, 
 50.132304, -108.16281, 
 50.013921, -108.141367, 
 49.89548, -108.120009, 
 49.776982, -108.098737, 
 49.658427, -108.077549, 
 49.539816, -108.056446, 
 49.421149, -108.035426, 
 49.302428, -108.014489, 
 49.183652, -107.993635, 
 49.064823, -107.972863, 
 48.94594, -107.952173, 
 48.827005, -107.931564, 
 48.708018, -107.911036, 
 48.58898, -107.890589, 
 48.469891, -107.870221, 
 48.350752, -107.849932, 
 48.231564, -107.829722, 
 48.112327, -107.809591, 
 47.993041, -107.789538, 
 47.873708, -107.769562, 
 47.754328, -107.749664, 
 47.634901, -107.729842, 
 47.515429, -107.710096, 
 47.395911, -107.690426, 
 47.276348, -107.670831, 
 47.156742, -107.651311, 
 47.037092, -107.631866, 
 46.917399, -107.612495, 
 46.797664, -107.593197, 
 46.677887, -107.573973, 
 46.558069, -107.554821, 
 46.43821, -107.535742, 
 46.318312, -107.516735, 
 46.198375, -107.497799, 
 46.078398, -107.478935, 
 45.958384, -107.460141, 
 45.838332, -107.441418, 
 45.718243, -107.422765, 
 45.598118, -107.404181, 
 45.477958, -107.385666, 
 45.357762, -107.367221, 
 45.237531, -107.348844, 
 45.117267, -107.330534, 
 44.996969, -107.312293, 
 44.876639, -107.294119, 
 44.756276, -107.276012, 
 44.635882, -107.257971, 
 44.515457, -107.239997, 
 44.395001, -107.222088, 
 44.274516, -107.204245, 
 44.154001, -107.186467, 
 44.033458, -107.168754, 
 43.912886, -107.151105, 
 43.792288, -107.13352, 
 43.671662, -107.116, 
 43.55101, -107.098542, 
 43.430333, -107.081148, 
 43.30963, -107.063816, 
 43.188902, -107.046546, 
 43.068151, -107.029339, 
 42.947377, -107.012193, 
 42.826579, -106.995109, 
 42.70576, -106.978086, 
 42.584918, -106.961123, 
 42.575003, -106.959737, 
 42.58476, -106.795233, 
 42.603096, -106.631871, 
 42.61308, -106.582313, 
 42.631624, -106.469805, 
 42.660122, -106.307629, 
 42.678537, -106.14405, 
 42.679502, -105.978213, 
 42.664163, -105.851354, 
 42.655709, -105.80935, 
 42.597886, -105.63654, 
 42.562269, -105.545774, 
 42.509035, -105.4604, 
 42.452903, -105.348445, 
 42.406444, -105.283172, 
 42.343539, -105.146515, 
 42.328129, -105.109226, 
 42.285286, -104.939595, 
 42.253641, -104.771394, 
 42.246143, -104.737122, 
 42.225823, -104.60378, 
 42.194454, -104.435963, 
 42.163673, -104.268378, 
 42.154496, -104.198553, 
 42.14347, -104.101994, 
 42.124055, -103.935808, 
 42.086429, -103.768059, 
 42.059024, -103.691388, 
 42.023354, -103.598244, 
 41.949675, -103.437026, 
 41.945223, -103.427453, 
End:

Polygon:
 42.010996, -75.737801, 241, 169, 93, 90

 41.972054, -75.582172, 
 41.947713, -75.421863, 
 41.941174, -75.340689, 
 41.932923, -75.258435, 
 41.925652, -75.092485, 
 41.927349, -74.923484, 
 41.933458, -74.752912, 
 41.925642, -74.586993, 
 41.871513, -74.436944, 
 41.762406, -74.306078, 
 41.742921, -74.283035, 
 41.671406, -74.169283, 
 41.629561, -74.015663, 
 41.640174, -73.843738, 
 41.650902, -73.809923, 
 41.736128, -73.641383, 
 41.741838, -73.633214, 
 41.847711, -73.532657, 
 41.959971, -73.464254, 
 42.076016, -73.414916, 
 42.193364, -73.372142, 
 42.310317, -73.327386, 
 42.425989, -73.276189, 
 42.539953, -73.216402, 
 42.652351, -73.148742, 
 42.685634, -73.127673, 
 42.763185, -73.0734, 
 42.873939, -72.997735, 
 42.985162, -72.924425, 
 43.095324, -72.845839, 
 43.182944, -72.770116, 
 43.19982, -72.739109, 
 43.292297, -72.573043, 
 43.310637, -72.548722, 
 43.393803, -72.452242, 
 43.503823, -72.373527, 
 43.615741, -72.304188, 
 43.726414, -72.228744, 
 43.759486, -72.201582, 
 43.836624, -72.151182, 
 43.946748, -72.073324, 
 44.056807, -71.995176, 
 44.167867, -71.921961, 
 44.281748, -71.862581, 
 44.400349, -71.826344, 
 44.523659, -71.813194, 
 44.649449, -71.81223, 
 44.742324, -71.811493, 
 44.775963, -71.814982, 
 44.901981, -71.815599, 
 45.024987, -71.801421, 
 45.14763, -71.785515, 
 45.235638, -71.789487, 
 45.277099, -71.80355, 
 45.397085, -71.902647, 
 45.435123, -71.964371, 
 45.477789, -72.049031, 
 45.535822, -72.204831, 
 45.581742, -72.36569, 
 45.606789, -72.534998, 
 45.600829, -72.716599, 
 45.591727, -72.762174, 
 45.557664, -72.912596, 
 45.517496, -73.028528, 
 45.47819, -73.122281, 
 45.428455, -73.218874, 
 45.333352, -73.35633, 
 45.330103, -73.360715, 
 45.224836, -73.466571, 
 45.115854, -73.552736, 
 45.006109, -73.634911, 
 44.982049, -73.666716, 
 44.956128, -73.853271, 
 44.957563, -74.029521, 
 44.956529, -74.041072, 
 44.954889, -74.207164, 
 44.935469, -74.390785, 
 44.913649, -74.490814, 
 44.898615, -74.580468, 
 44.850875, -74.773714, 
 44.844015, -74.798096, 
 44.804715, -74.965994, 
 44.771738, -75.094072, 
 44.756936, -75.158486, 
 44.719033, -75.347178, 
 44.706692, -75.43485, 
 44.693226, -75.531416, 
 44.684931, -75.709474, 
 44.690425, -75.882772, 
 44.708514, -76.051816, 
 44.743289, -76.215342, 
 44.810385, -76.368328, 
 44.879054, -76.452837, 
 44.939805, -76.50115, 
 45.018178, -76.543435, 
 45.150759, -76.594753, 
 45.171543, -76.600977, 
 45.279792, -76.62501, 
 45.403866, -76.624932, 
 45.515677, -76.54933, 
 45.542356, -76.478673, 
 45.587321, -76.286419, 
 45.592279, -76.25852, 
 45.605531, -76.102837, 
 45.621767, -75.919749, 
 45.633095, -75.757266, 
 45.634351, -75.737754, 
 45.638952, -75.558347, 
 45.644978, -75.378343, 
 45.664931, -75.214444, 
 45.668242, -75.192139, 
 45.745615, -74.986357, 
 45.748968, -74.981161, 
 45.853941, -74.869355, 
 45.965482, -74.795193, 
 46.0796, -74.73588, 
 46.194556, -74.681469, 
 46.309929, -74.629557, 
 46.42602, -74.581866, 
 46.544242, -74.546501, 
 46.666744, -74.535768, 
 46.793856, -74.551575, 
 46.884509, -74.570793, 
 46.923138, -74.580146, 
 47.053345, -74.61464, 
 47.148484, -74.654688, 
 47.187812, -74.674195, 
 47.326265, -74.771324, 
 47.328934, -74.773339, 
 47.471282, -74.881089, 
 47.490656, -74.893497, 
 47.609402, -74.965122, 
 47.68803, -75.004032, 
 47.744814, -75.033883, 
 47.880492, -75.105008, 
 47.892862, -75.112463, 
 48.020387, -75.202716, 
 48.056594, -75.236693, 
 48.16889, -75.354053, 
 48.184687, -75.374644, 
 48.306772, -75.515292, 
 48.320821, -75.528783, 
 48.452091, -75.647959, 
 48.465085, -75.658392, 
 48.602643, -75.747721, 
 48.645238, -75.763769, 
 48.735088, -75.805949, 
 48.860412, -75.819698, 
 48.868274, -75.869395, 
 48.896037, -76.046464, 
 48.923573, -76.223695, 
 48.950881, -76.401087, 
 48.977963, -76.578639, 
 49.004816, -76.756349, 
 49.031442, -76.934217, 
 49.05784, -77.112241, 
 49.08401, -77.29042, 
 49.109951, -77.468754, 
 49.135663, -77.64724, 
 49.161147, -77.825878, 
 49.186401, -78.004667, 
 49.211426, -78.183605, 
 49.236221, -78.362692, 
 49.260786, -78.541926, 
 49.285121, -78.721306, 
 49.309225, -78.90083, 
 49.333099, -79.080498, 
 49.356743, -79.260309, 
 49.380155, -79.440261, 
 49.403336, -79.620352, 
 49.426286, -79.800583, 
 49.449004, -79.980951, 
 49.47149, -80.161455, 
 49.493744, -80.342095, 
 49.515765, -80.522868, 
 49.537555, -80.703774, 
 49.559111, -80.884811, 
 49.580435, -81.065978, 
 49.601526, -81.247274, 
 49.622383, -81.428698, 
 49.643007, -81.610248, 
 49.663398, -81.791923, 
 49.669734, -81.849068, 
 49.560062, -81.95236, 
 49.528978, -82.014276, 
 49.462898, -82.170378, 
 49.448816, -82.221576, 
 49.392685, -82.42213, 
 49.375119, -82.478412, 
 49.323195, -82.62557, 
 49.280907, -82.731155, 
 49.228687, -82.834628, 
 49.180738, -82.930496, 
 49.120258, -83.046316, 
 49.080392, -83.130529, 
 49.027906, -83.25333, 
 48.983732, -83.369296, 
 48.953481, -83.455437, 
 48.893024, -83.653765, 
 48.891775, -83.65853, 
 48.840524, -83.849798, 
 48.804158, -83.998273, 
 48.791742, -84.044617, 
 48.734497, -84.240912, 
 48.712891, -84.307451, 
 48.666469, -84.439106, 
 48.617783, -84.582055, 
 48.596522, -84.637209, 
 48.53463, -84.833109, 
 48.52418, -84.878504, 
 48.478268, -85.027403, 
 48.436717, -85.218304, 
 48.434655, -85.226991, 
 48.33396, -85.421045, 
 48.331157, -85.424634, 
 48.325016, -85.42282, 
 48.203654, -85.351134, 
 48.170842, -85.271834, 
 48.09462, -85.10577, 
 48.05638, -85.059108, 
 47.979711, -84.94801, 
 47.920907, -84.903075, 
 47.792271, -84.823255, 
 47.769889, -84.810426, 
 47.664795, -84.757509, 
 47.538035, -84.700096, 
 47.503342, -84.685488, 
 47.411387, -84.645173, 
 47.286734, -84.611898, 
 47.163722, -84.596237, 
 47.097909, -84.590425, 
 47.040644, -84.580581, 
 46.916851, -84.558203, 
 46.792921, -84.534798, 
 46.668982, -84.511669, 
 46.638299, -84.507704, 
 46.543584, -84.474589, 
 46.431961, -84.373514, 
 46.402153, -84.203014, 
 46.409909, -84.024587, 
 46.425861, -83.844294, 
 46.438295, -83.664638, 
 46.442797, -83.486628, 
 46.442757, -83.484559, 
 46.442801, -83.309539, 
 46.433239, -83.134586, 
 46.415993, -82.961411, 
 46.39137, -82.790004, 
 46.358188, -82.620705, 
 46.34033, -82.548893, 
 46.31857, -82.453063, 
 46.274518, -82.286642, 
 46.226796, -82.1213, 
 46.180101, -81.955907, 
 46.140409, -81.788966, 
 46.109486, -81.619973, 
 46.108909, -81.616527, 
 46.082975, -81.449962, 
 46.053054, -81.280909, 
 46.015249, -81.114001, 
 45.965566, -80.950344, 
 45.898128, -80.791583, 
 45.879209, -80.756468, 
 45.81637, -80.636893, 
 45.723268, -80.500284, 
 45.714295, -80.488008, 
 45.602717, -80.342088, 
 45.574719, -80.30547, 
 45.486446, -80.197895, 
 45.42744, -80.12349, 
 45.367435, -80.054925, 
 45.281543, -79.954637, 
 45.241737, -79.914268, 
 45.136733, -79.796345, 
 45.114605, -79.774503, 
 45.006454, -79.629953, 
 44.984742, -79.588977, 
 44.924542, -79.478476, 
 44.856803, -79.323336, 
 44.80939, -79.220802, 
 44.784319, -79.169815, 
 44.697147, -79.020775, 
 44.646034, -78.944454, 
 44.59834, -78.875438, 
 44.505666, -78.728715, 
 44.485531, -78.693025, 
 44.430752, -78.577153, 
 44.367252, -78.42253, 
 44.307999, -78.266902, 
 44.290534, -78.218362, 
 44.259416, -78.108298, 
 44.218372, -77.947595, 
 44.178909, -77.786554, 
 44.139857, -77.62552, 
 44.107551, -77.462537, 
 44.097576, -77.292712, 
 44.117954, -77.118277, 
 44.11952, -77.112877, 
 44.177984, -76.921242, 
 44.189654, -76.795523, 
 44.201092, -76.740514, 
 44.161004, -76.579976, 
 44.152951, -76.573026, 
 44.040774, -76.445542, 
 44.004601, -76.429745, 
 43.872269, -76.383182, 
 43.747694, -76.382852, 
 43.631483, -76.432346, 
 43.522753, -76.526393, 
 43.431875, -76.640822, 
 43.420086, -76.656647, 
 43.319583, -76.80062, 
 43.273763, -76.861914, 
 43.220588, -76.954291, 
 43.136209, -77.075497, 
 43.121843, -77.110149, 
 43.022755, -77.26474, 
 42.985109, -77.292206, 
 42.917334, -77.381316, 
 42.818668, -77.342847, 
 42.782582, -77.317927, 
 42.714869, -77.204894, 
 42.639872, -77.058484, 
 42.597052, -76.948944, 
 42.581961, -76.907066, 
 42.535649, -76.752225, 
 42.491041, -76.597004, 
 42.43704, -76.444893, 
 42.361926, -76.300059, 
 42.361743, -76.299743, 
 42.255145, -76.164813, 
 42.202672, -76.102965, 
 42.148543, -76.030271, 
 42.067608, -75.887833, 
 42.014882, -75.748304, 
 42.010996, -75.737801, 
End:

