Title: Mixed-layer CAPE (J/kg) 10Z HRRR | F01 Valid: 11Z Sun Apr 11 2021
RefreshSeconds: 60
Color: 221 86 78 255
Line: 2, 0, "100.0"
 22.94, -75.9
 23.06, -75.88
 23.18, -75.87
 23.3, -75.87
 23.42, -75.87
 23.53, -75.84
 23.64, -75.76
 23.74, -75.68
 23.82, -75.64
 23.85, -75.62
 23.96, -75.58
 24.07, -75.53
 24.12, -75.43
 24.05, -75.32
 24.02, -75.28
 23.96, -75.21
 23.88, -75.09
 23.84, -75.01
 23.81, -74.98
 23.69, -74.91
 23.57, -74.93
 23.46, -74.98
 23.35, -75.03
 23.24, -75.05
 23.11, -75.04
 23.1, -75.04
 22.99, -75.02
 22.86, -75.0
 22.78, -75.0
 22.74, -75.0
End:

Color: 221 86 78 255
Line: 2, 0, "100.0"
 22.57, -74.29
 22.69, -74.28
 22.82, -74.29
 22.89, -74.31
 22.94, -74.32
 23.07, -74.35
 23.19, -74.36
 23.2, -74.36
 23.32, -74.35
 23.44, -74.34
 23.56, -74.37
 23.59, -74.38
 23.71, -74.46
 23.73, -74.47
 23.84, -74.57
 23.86, -74.59
 23.99, -74.64
 24.06, -74.64
 24.12, -74.65
 24.24, -74.67
 24.33, -74.71
 24.38, -74.73
 24.51, -74.78
 24.52, -74.79
 24.65, -74.83
 24.77, -74.85
 24.78, -74.85
 24.9, -74.87
 25.03, -74.9
 25.05, -74.91
 25.17, -74.97
 25.23, -74.99
 25.3, -75.02
 25.43, -75.03
 25.55, -75.01
 25.66, -74.98
 25.77, -74.92
 25.87, -74.84
 25.9, -74.81
 25.97, -74.74
 26.08, -74.65
 26.15, -74.6
 26.18, -74.58
 26.29, -74.52
 26.41, -74.48
 26.52, -74.46
 26.63, -74.46
 26.65, -74.46
 26.78, -74.48
 26.9, -74.5
 26.96, -74.51
 27.03, -74.51
 27.15, -74.49
 27.26, -74.46
 27.38, -74.42
 27.5, -74.4
 27.62, -74.39
 27.74, -74.39
 27.83, -74.4
 27.87, -74.4
 27.99, -74.41
 28.12, -74.42
 28.21, -74.43
 28.25, -74.43
 28.37, -74.42
 28.49, -74.41
 28.61, -74.41
 28.73, -74.42
 28.74, -74.42
 28.86, -74.42
 28.99, -74.44
 29.09, -74.45
 29.12, -74.45
 29.24, -74.45
 29.36, -74.43
 29.48, -74.4
 29.59, -74.35
 29.71, -74.29
 29.8, -74.24
 29.82, -74.23
 29.93, -74.17
 30.04, -74.1
 30.15, -74.04
 30.26, -73.98
 30.37, -73.93
 30.39, -73.92
 30.48, -73.88
 30.6, -73.83
 30.71, -73.78
 30.83, -73.74
 30.94, -73.68
 31.05, -73.63
 31.17, -73.58
 31.28, -73.53
 31.39, -73.47
 31.4, -73.46
 31.5, -73.4
 31.61, -73.33
 31.71, -73.24
 31.77, -73.2
 31.82, -73.16
 31.92, -73.07
 32.03, -72.99
 32.1, -72.95
 32.14, -72.92
 32.26, -72.88
 32.38, -72.85
 32.43, -72.84
 32.5, -72.83
 32.62, -72.83
 32.75, -72.83
 32.88, -72.84
 32.89, -72.84
 33.0, -72.84
 33.13, -72.84
 33.25, -72.84
 33.37, -72.83
 33.38, -72.83
 33.5, -72.81
 33.62, -72.77
 33.73, -72.73
 33.81, -72.69
 33.84, -72.67
 33.96, -72.61
 34.07, -72.55
 34.18, -72.49
 34.3, -72.45
 34.41, -72.4
 34.53, -72.36
 34.65, -72.33
 34.77, -72.29
 34.88, -72.24
 35.0, -72.19
 35.11, -72.14
 35.22, -72.08
 35.34, -72.03
 35.45, -71.98
 35.49, -71.96
 35.56, -71.92
 35.67, -71.85
 35.78, -71.75
 35.84, -71.68
 35.88, -71.63
 35.95, -71.48
 35.96, -71.46
 36.01, -71.31
 36.03, -71.21
 36.05, -71.14
 36.06, -70.97
 36.07, -70.84
 36.07, -70.81
 36.06, -70.66
 36.04, -70.51
 36.01, -70.36
 35.99, -70.22
 35.96, -70.07
 35.94, -69.92
 35.91, -69.78
End:

Color: 221 86 78 255
Line: 2, 0, "100.0"
 39.07, -68.51
 39.11, -68.66
 39.11, -68.7
 39.13, -68.81
 39.15, -68.97
 39.15, -69.13
 39.14, -69.3
 39.14, -69.31
 39.11, -69.48
 39.08, -69.61
 39.08, -69.66
 39.04, -69.84
 39.02, -69.89
 39.0, -70.01
 38.98, -70.19
 38.98, -70.23
 38.97, -70.36
 38.95, -70.53
 38.94, -70.6
 38.92, -70.7
 38.88, -70.88
 38.88, -70.9
 38.84, -71.06
 38.81, -71.15
 38.79, -71.24
 38.75, -71.42
 38.75, -71.44
 38.73, -71.59
 38.71, -71.76
 38.7, -71.79
 38.68, -71.93
 38.66, -72.1
 38.65, -72.13
 38.62, -72.28
 38.59, -72.43
 38.58, -72.45
 38.51, -72.64
 38.51, -72.65
 38.42, -72.82
 38.4, -72.84
 38.32, -72.95
 38.21, -73.03
 38.1, -73.08
 38.02, -73.13
 37.99, -73.16
 37.92, -73.33
 37.91, -73.38
 37.91, -73.49
 37.94, -73.64
 37.97, -73.79
 38.01, -73.94
 38.04, -74.09
 38.08, -74.23
 38.1, -74.38
 38.1, -74.54
 38.05, -74.69
 38.04, -74.72
 37.96, -74.87
 37.93, -74.92
 37.86, -75.01
 37.76, -75.1
 37.64, -75.14
 37.52, -75.18
 37.41, -75.22
 37.31, -75.27
 37.29, -75.28
 37.18, -75.38
 37.08, -75.49
 37.07, -75.5
 36.99, -75.68
 36.99, -75.68
 36.98, -75.85
 36.98, -76.0
 36.97, -76.16
 36.96, -76.19
 36.95, -76.32
 36.93, -76.49
 36.91, -76.59
 36.91, -76.65
 36.91, -76.8
 36.91, -76.96
 36.88, -77.09
 36.87, -77.13
 36.78, -77.24
 36.72, -77.32
 36.68, -77.37
 36.58, -77.5
 36.56, -77.52
 36.48, -77.65
 36.44, -77.71
 36.39, -77.81
 36.32, -77.9
 36.29, -77.96
 36.21, -78.08
 36.2, -78.17
 36.19, -78.24
 36.23, -78.39
 36.24, -78.4
 36.3, -78.52
 36.36, -78.66
 36.39, -78.81
 36.39, -78.96
 36.39, -79.12
 36.4, -79.27
 36.43, -79.42
 36.48, -79.56
 36.51, -79.7
 36.53, -79.85
 36.52, -80.01
 36.51, -80.09
 36.5, -80.17
 36.47, -80.33
 36.44, -80.46
 36.43, -80.49
 36.39, -80.66
 36.36, -80.73
 36.32, -80.83
 36.27, -80.93
 36.21, -81.01
 36.16, -81.06
 36.05, -81.15
 35.94, -81.21
 35.91, -81.22
 35.82, -81.29
 35.73, -81.42
 35.72, -81.43
 35.62, -81.59
 35.62, -81.6
 35.52, -81.73
 35.46, -81.78
 35.41, -81.84
 35.3, -81.96
 35.3, -81.96
 35.21, -82.13
 35.2, -82.14
 35.1, -82.31
 35.1, -82.31
 34.99, -82.41
 34.88, -82.49
 34.75, -82.45
 34.72, -82.38
 34.68, -82.24
 34.64, -82.1
 34.61, -81.96
 34.62, -81.8
 34.65, -81.69
 34.66, -81.65
 34.75, -81.53
 34.81, -81.46
 34.86, -81.43
 34.96, -81.31
 34.98, -81.28
 35.03, -81.11
 35.04, -80.99
 35.04, -80.96
 35.03, -80.93
 35.0, -80.82
 34.96, -80.68
 34.95, -80.53
 34.96, -80.49
 35.0, -80.37
 35.06, -80.29
 35.12, -80.19
 35.16, -80.13
 35.21, -80.02
 35.24, -79.87
 35.24, -79.86
 35.23, -79.71
 35.2, -79.56
 35.17, -79.42
 35.16, -79.41
 35.12, -79.28
 35.06, -79.14
 34.99, -79.01
 34.97, -78.98
 34.85, -79.03
 34.84, -79.04
 34.76, -79.22
 34.76, -79.22
 34.74, -79.37
 34.73, -79.53
 34.71, -79.67
 34.71, -79.68
 34.68, -79.84
 34.63, -79.96
 34.61, -80.01
 34.53, -80.12
 34.42, -80.2
 34.41, -80.2
 34.31, -80.24
 34.25, -80.24
 34.18, -80.24
 34.05, -80.21
 33.93, -80.16
 33.92, -80.16
 33.8, -80.16
 33.71, -80.21
 33.69, -80.23
 33.57, -80.3
 33.45, -80.33
 33.33, -80.31
 33.31, -80.3
 33.2, -80.26
 33.11, -80.2
 33.06, -80.15
 32.98, -80.08
 32.91, -80.0
 32.87, -79.96
 32.77, -79.88
 32.71, -79.85
 32.63, -79.8
 32.52, -79.75
 32.49, -79.73
 32.36, -79.65
 32.35, -79.64
 32.22, -79.57
 32.16, -79.54
 32.09, -79.51
 31.96, -79.46
 31.93, -79.45
 31.82, -79.41
 31.71, -79.36
 31.69, -79.35
 31.55, -79.26
 31.54, -79.25
 31.41, -79.17
 31.37, -79.15
 31.28, -79.09
 31.18, -79.05
 31.14, -79.03
 31.01, -79.0
 30.89, -78.98
 30.86, -78.98
 30.76, -78.98
 30.65, -79.02
 30.63, -79.03
 30.54, -79.13
 30.49, -79.21
 30.45, -79.28
 30.35, -79.39
 30.34, -79.39
 30.23, -79.48
 30.12, -79.54
 30.01, -79.58
 29.91, -79.63
 29.89, -79.64
 29.79, -79.73
 29.7, -79.82
 29.68, -79.84
 29.58, -79.96
 29.56, -79.99
 29.48, -80.09
 29.38, -80.17
 29.37, -80.18
 29.26, -80.27
 29.15, -80.34
 29.1, -80.37
 29.04, -80.43
 28.94, -80.53
 28.91, -80.55
 28.84, -80.65
 28.73, -80.72
 28.61, -80.74
 28.49, -80.75
 28.37, -80.76
 28.25, -80.78
 28.13, -80.82
 28.07, -80.87
 28.03, -80.94
 28.01, -81.02
 28.06, -81.15
 28.06, -81.15
 28.19, -81.26
 28.2, -81.27
 28.33, -81.32
 28.45, -81.3
 28.56, -81.2
 28.58, -81.18
 28.66, -81.08
 28.77, -81.01
 28.89, -81.0
 29.03, -81.08
 29.03, -81.08
 29.15, -81.2
 29.17, -81.24
 29.22, -81.33
 29.25, -81.46
 29.25, -81.6
 29.24, -81.64
 29.2, -81.75
 29.14, -81.84
 29.08, -81.91
 29.04, -81.96
 28.93, -82.05
 28.89, -82.09
 28.83, -82.19
 28.82, -82.24
 28.84, -82.38
 28.86, -82.41
 28.94, -82.5
 29.0, -82.53
 29.13, -82.57
 29.19, -82.59
 29.26, -82.61
 29.37, -82.7
 29.4, -82.74
 29.44, -82.82
 29.49, -82.95
 29.52, -83.09
 29.58, -83.2
 29.6, -83.21
 29.71, -83.23
 29.83, -83.22
 29.95, -83.21
 30.07, -83.19
 30.19, -83.16
 30.3, -83.12
 30.41, -83.07
 30.42, -83.06
 30.53, -82.98
 30.64, -82.9
 30.71, -82.87
 30.75, -82.84
 30.78, -82.86
 30.86, -82.98
 30.91, -83.09
 30.92, -83.11
 31.01, -83.24
 31.06, -83.28
 31.18, -83.29
 31.3, -83.23
 31.36, -83.18
 31.41, -83.14
 31.52, -83.07
 31.64, -83.03
 31.76, -83.01
 31.88, -83.02
 32.01, -83.06
 32.01, -83.06
 32.14, -83.1
 32.27, -83.15
 32.28, -83.15
 32.39, -83.16
 32.51, -83.12
 32.53, -83.1
 32.62, -83.04
 32.73, -82.95
 32.84, -82.9
 32.85, -82.9
 32.96, -82.85
 33.07, -82.75
 33.11, -82.7
 33.18, -82.63
 33.29, -82.57
 33.41, -82.55
 33.53, -82.54
 33.66, -82.54
 33.76, -82.57
 33.79, -82.58
 33.89, -82.7
 33.94, -82.82
 33.95, -82.83
 33.95, -82.87
 33.95, -82.98
 33.94, -83.13
 33.91, -83.29
 33.89, -83.38
 33.88, -83.44
 33.87, -83.59
 33.84, -83.74
 33.82, -83.82
 33.81, -83.9
 33.76, -84.05
 33.74, -84.12
 33.71, -84.21
 33.66, -84.37
 33.65, -84.39
 33.6, -84.52
 33.55, -84.61
 33.52, -84.68
 33.45, -84.81
 33.43, -84.84
 33.35, -84.98
 33.33, -85.01
 33.24, -85.14
 33.22, -85.17
 33.14, -85.29
 33.1, -85.34
 33.03, -85.43
 32.95, -85.51
 32.92, -85.54
 32.81, -85.63
 32.69, -85.69
 32.69, -85.69
 32.58, -85.77
 32.47, -85.84
 32.41, -85.88
 32.35, -85.93
 32.24, -86.04
 32.23, -86.05
 32.13, -86.17
 32.1, -86.21
 32.03, -86.31
 31.98, -86.38
 31.92, -86.46
 31.87, -86.53
 31.82, -86.62
 31.77, -86.69
 31.71, -86.78
 31.67, -86.85
 31.61, -86.96
 31.59, -87.0
 31.5, -87.15
 31.5, -87.16
 31.43, -87.31
 31.4, -87.36
 31.36, -87.46
 31.3, -87.59
 31.29, -87.61
 31.25, -87.76
 31.2, -87.86
 31.19, -87.91
 31.14, -88.06
 31.11, -88.13
 31.09, -88.21
 31.05, -88.35
 31.01, -88.48
 31.01, -88.5
 30.99, -88.64
 30.96, -88.79
 30.93, -88.9
 30.92, -88.93
 30.89, -89.08
 30.84, -89.22
 30.83, -89.24
 30.78, -89.37
 30.73, -89.48
 30.72, -89.52
 30.66, -89.67
 30.63, -89.73
 30.6, -89.81
 30.53, -89.96
 30.52, -89.97
 30.46, -90.11
 30.42, -90.18
 30.37, -90.25
 30.31, -90.36
 30.28, -90.4
 30.2, -90.55
 30.2, -90.55
 30.14, -90.7
 30.1, -90.8
 30.08, -90.84
 30.03, -90.98
 29.99, -91.07
 29.97, -91.13
 29.9, -91.27
 29.88, -91.31
 29.83, -91.42
 29.78, -91.52
 29.75, -91.56
 29.69, -91.71
 29.67, -91.76
 29.65, -91.85
 29.62, -91.99
 29.59, -92.13
 29.57, -92.19
 29.56, -92.27
 29.53, -92.41
 29.48, -92.55
 29.47, -92.58
 29.44, -92.69
 29.39, -92.83
 29.36, -92.9
 29.34, -92.98
 29.3, -93.12
 29.26, -93.22
 29.25, -93.26
 29.21, -93.4
 29.17, -93.54
 29.15, -93.59
 29.13, -93.68
 29.09, -93.82
 29.04, -93.9
 29.01, -93.96
 28.93, -94.05
 28.87, -94.1
 28.81, -94.16
 28.71, -94.24
 28.69, -94.27
 28.63, -94.38
 28.6, -94.52
 28.59, -94.66
 28.6, -94.8
 28.6, -94.93
 28.6, -95.07
 28.6, -95.18
 28.59, -95.21
 28.57, -95.34
 28.48, -95.48
 28.48, -95.48
 28.36, -95.55
 28.24, -95.58
 28.12, -95.62
 28.1, -95.63
 28.01, -95.7
 27.95, -95.77
 27.89, -95.85
 27.86, -95.91
 27.81, -96.04
 27.77, -96.12
 27.75, -96.18
 27.69, -96.31
 27.66, -96.38
 27.62, -96.45
 27.54, -96.57
 27.53, -96.59
 27.42, -96.72
 27.42, -96.73
 27.31, -96.86
 27.3, -96.86
 27.21, -96.99
 27.18, -97.03
 27.14, -97.13
 27.09, -97.26
 27.06, -97.35
 27.05, -97.4
 27.02, -97.53
 27.0, -97.67
 26.98, -97.8
 26.97, -97.93
 26.97, -98.07
 26.94, -98.19
 26.94, -98.2
 26.9, -98.34
 26.82, -98.47
 26.82, -98.47
 26.71, -98.6
 26.7, -98.61
 26.58, -98.71
 26.46, -98.72
 26.34, -98.69
 26.22, -98.63
 26.14, -98.73
 26.12, -98.86
 26.1, -98.97
 26.1, -98.99
 26.07, -99.12
 26.02, -99.25
 26.0, -99.39
 26.03, -99.52
 26.07, -99.65
 26.09, -99.7
 26.12, -99.79
 26.16, -99.92
 26.19, -100.05
 26.2, -100.12
 26.21, -100.19
 26.21, -100.32
 26.19, -100.4
 26.17, -100.45
 26.06, -100.58
 26.05, -100.58
 25.94, -100.62
 25.82, -100.62
 25.71, -100.59
 25.66, -100.57
 25.59, -100.54
 25.47, -100.5
 25.35, -100.45
 25.25, -100.42
 25.24, -100.42
End:

Color: 221 86 78 255
Line: 2, 0, "100.0"
 25.22, -77.56
 25.23, -77.58
 25.31, -77.67
 25.4, -77.78
 25.4, -77.78
 25.52, -77.89
 25.54, -77.9
 25.68, -77.98
 25.69, -77.98
 25.81, -78.01
 25.94, -78.05
 25.96, -78.05
 26.06, -78.04
 26.09, -78.02
 26.04, -77.9
 26.03, -77.89
 25.9, -77.8
 25.88, -77.78
 25.77, -77.69
 25.74, -77.67
 25.65, -77.59
 25.58, -77.51
 25.56, -77.48
 25.47, -77.36
 25.42, -77.31
 25.35, -77.26
 25.28, -77.22
 25.17, -77.26
 25.15, -77.31
 25.16, -77.44
 25.22, -77.56
End:

Color: 221 86 78 255
Line: 2, 0, "100.0"
 30.82, -82.56
 30.81, -82.42
 30.82, -82.41
 30.86, -82.27
 30.91, -82.18
 30.96, -82.11
 31.01, -82.06
 31.12, -81.98
 31.19, -81.92
 31.23, -81.88
 31.33, -81.75
 31.46, -81.86
 31.36, -81.92
 31.25, -82.04
 31.25, -82.05
 31.21, -82.2
 31.17, -82.33
 31.16, -82.35
 31.07, -82.51
 31.07, -82.52
 30.97, -82.6
 30.84, -82.61
 30.82, -82.56
End:

Color: 221 86 78 255
Line: 2, 0, "100.0"
 33.69, -79.18
 33.77, -79.25
 33.89, -79.21
 33.96, -79.11
 33.99, -79.06
 34.01, -78.95
 34.01, -78.8
 33.98, -78.66
 33.92, -78.52
 33.89, -78.46
 33.78, -78.55
 33.78, -78.56
 33.7, -78.73
 33.69, -78.76
 33.64, -78.89
 33.63, -79.04
 33.69, -79.18
End:

Color: 221 86 78 255
Line: 2, 0, "250.0"
 23.02, -76.27
 23.14, -76.27
 23.27, -76.29
 23.31, -76.31
 23.4, -76.34
 23.53, -76.38
 23.53, -76.38
 23.66, -76.4
 23.78, -76.42
 23.87, -76.43
 23.91, -76.44
 24.03, -76.52
 24.06, -76.59
 24.08, -76.64
 24.08, -76.68
 24.08, -76.77
 24.09, -76.9
 24.12, -77.03
 24.17, -77.1
 24.19, -77.14
 24.29, -77.25
 24.33, -77.29
 24.4, -77.36
 24.48, -77.44
 24.5, -77.46
 24.61, -77.57
 24.63, -77.6
 24.7, -77.68
 24.79, -77.77
 24.81, -77.79
 24.93, -77.9
 24.93, -77.9
 25.07, -77.97
 25.1, -77.99
 25.2, -78.03
 25.29, -78.08
 25.33, -78.09
 25.47, -78.15
 25.5, -78.16
 25.6, -78.2
 25.71, -78.25
 25.73, -78.25
 25.86, -78.3
 25.94, -78.33
 25.99, -78.35
 26.12, -78.38
 26.23, -78.4
 26.24, -78.4
 26.37, -78.4
 26.49, -78.4
 26.61, -78.41
 26.73, -78.41
 26.82, -78.4
 26.85, -78.39
 26.88, -78.38
 26.97, -78.35
 27.08, -78.28
 27.18, -78.21
 27.25, -78.16
 27.29, -78.09
 27.32, -78.0
 27.31, -77.86
 27.24, -77.75
 27.22, -77.73
 27.08, -77.68
 27.02, -77.66
 26.95, -77.64
 26.83, -77.62
 26.74, -77.59
 26.7, -77.58
 26.57, -77.53
 26.5, -77.52
 26.43, -77.47
 26.35, -77.42
 26.33, -77.28
 26.38, -77.19
 26.42, -77.13
 26.47, -77.06
 26.58, -76.98
 26.68, -76.92
 26.69, -76.92
 26.8, -76.88
 26.89, -76.87
 26.92, -76.87
 27.04, -76.86
 27.16, -76.84
 27.28, -76.81
 27.39, -76.76
 27.43, -76.73
 27.4, -76.6
 27.36, -76.59
 27.23, -76.56
 27.14, -76.53
 27.1, -76.52
 26.97, -76.5
 26.86, -76.47
 26.84, -76.46
 26.71, -76.43
 26.63, -76.39
 26.57, -76.37
 26.44, -76.32
 26.4, -76.31
 26.31, -76.3
 26.19, -76.29
 26.07, -76.28
 26.03, -76.27
 25.94, -76.25
 25.83, -76.19
 25.79, -76.16
 25.73, -76.08
 25.7, -75.95
 25.7, -75.82
 25.71, -75.76
 25.74, -75.67
 25.8, -75.6
 25.9, -75.49
 25.9, -75.49
 26.0, -75.4
 26.1, -75.31
 26.12, -75.29
 26.2, -75.2
 26.29, -75.11
 26.3, -75.1
 26.4, -75.01
 26.51, -74.95
 26.63, -74.94
 26.76, -74.97
 26.78, -74.97
 26.9, -75.02
 26.99, -75.05
 27.03, -75.07
 27.16, -75.08
 27.27, -75.03
 27.38, -74.96
 27.44, -74.93
 27.49, -74.9
 27.6, -74.86
 27.72, -74.84
 27.75, -74.84
 27.84, -74.83
 27.97, -74.84
 28.09, -74.85
 28.17, -74.86
 28.22, -74.86
 28.34, -74.86
 28.47, -74.86
 28.59, -74.86
 28.66, -74.86
 28.71, -74.86
 28.84, -74.87
 28.97, -74.88
 29.04, -74.89
 29.09, -74.9
 29.22, -74.9
 29.34, -74.89
 29.46, -74.87
 29.58, -74.84
 29.69, -74.8
 29.81, -74.75
 29.92, -74.68
 30.03, -74.62
 30.07, -74.59
 30.14, -74.56
 30.25, -74.5
 30.36, -74.45
 30.48, -74.41
 30.6, -74.38
 30.71, -74.35
 30.83, -74.32
 30.95, -74.29
 31.07, -74.26
 31.18, -74.22
 31.3, -74.17
 31.41, -74.12
 31.52, -74.06
 31.63, -73.99
 31.67, -73.97
 31.74, -73.92
 31.85, -73.84
 31.96, -73.76
 32.02, -73.71
 32.06, -73.68
 32.17, -73.6
 32.28, -73.53
 32.39, -73.48
 32.51, -73.43
 32.63, -73.4
 32.75, -73.38
 32.87, -73.36
 32.99, -73.35
 33.12, -73.34
 33.19, -73.34
 33.24, -73.34
 33.37, -73.33
 33.49, -73.33
 33.61, -73.31
 33.73, -73.28
 33.85, -73.24
 33.96, -73.18
 34.07, -73.11
 34.18, -73.05
 34.3, -72.99
 34.36, -72.96
 34.41, -72.94
 34.52, -72.89
 34.64, -72.85
 34.76, -72.82
 34.84, -72.8
 34.88, -72.79
 35.0, -72.77
 35.12, -72.74
 35.24, -72.7
 35.35, -72.65
 35.47, -72.59
 35.49, -72.58
 35.58, -72.52
 35.69, -72.45
 35.79, -72.37
 35.9, -72.29
 35.91, -72.28
 36.01, -72.19
 36.11, -72.08
 36.14, -72.05
 36.21, -71.95
 36.28, -71.84
 36.3, -71.81
 36.37, -71.65
 36.38, -71.63
 36.44, -71.47
 36.46, -71.41
 36.49, -71.29
 36.52, -71.15
 36.53, -71.12
 36.55, -70.95
 36.57, -70.8
 36.57, -70.79
 36.6, -70.62
 36.63, -70.52
 36.67, -70.43
 36.71, -70.34
 36.77, -70.24
 36.8, -70.17
 36.85, -70.05
 36.87, -69.96
 36.89, -69.87
 36.92, -69.7
 36.92, -69.64
 36.93, -69.54
 36.93, -69.38
End:

Color: 221 86 78 255
Line: 2, 0, "250.0"
 38.18, -68.88
 38.22, -69.02
 38.27, -69.17
 38.31, -69.31
 38.34, -69.46
 38.36, -69.62
 38.37, -69.77
 38.38, -69.86
 38.38, -69.93
 38.39, -70.09
 38.39, -70.25
 38.38, -70.4
 38.38, -70.42
 38.36, -70.59
 38.33, -70.72
 38.32, -70.77
 38.28, -70.95
 38.27, -71.0
 38.24, -71.12
 38.21, -71.29
 38.21, -71.31
 38.18, -71.47
 38.15, -71.61
 38.14, -71.64
 38.08, -71.83
 38.08, -71.83
 37.98, -71.98
 37.94, -72.04
 37.88, -72.1
 37.78, -72.21
 37.74, -72.27
 37.69, -72.36
 37.67, -72.46
 37.62, -72.62
 37.62, -72.63
 37.58, -72.81
 37.55, -72.88
 37.53, -72.98
 37.48, -73.13
 37.47, -73.16
 37.41, -73.34
 37.4, -73.37
 37.38, -73.51
 37.38, -73.67
 37.42, -73.81
 37.47, -73.96
 37.52, -74.1
 37.56, -74.24
 37.57, -74.4
 37.53, -74.57
 37.53, -74.58
 37.43, -74.73
 37.4, -74.77
 37.33, -74.84
 37.22, -74.94
 37.17, -75.0
 37.12, -75.05
 37.02, -75.16
 36.97, -75.22
 36.91, -75.28
 36.81, -75.4
 36.79, -75.43
 36.72, -75.59
 36.72, -75.61
 36.72, -75.77
 36.74, -75.92
 36.74, -76.07
 36.72, -76.21
 36.72, -76.24
 36.66, -76.41
 36.64, -76.46
 36.58, -76.59
 36.55, -76.67
 36.51, -76.76
 36.47, -76.87
 36.42, -76.94
 36.37, -77.02
 36.26, -77.13
 36.22, -77.15
 36.15, -77.2
 36.03, -77.24
 35.92, -77.31
 35.87, -77.41
 35.83, -77.47
 35.78, -77.58
 35.73, -77.66
 35.67, -77.77
 35.64, -77.81
 35.53, -77.93
 35.45, -77.98
 35.42, -78.0
 35.35, -78.0
 35.3, -78.01
 35.17, -78.0
 35.05, -78.0
 34.93, -78.04
 34.82, -78.12
 34.8, -78.15
 34.73, -78.32
 34.73, -78.32
 34.73, -78.47
 34.73, -78.62
 34.69, -78.77
 34.68, -78.78
 34.62, -78.95
 34.6, -79.0
 34.56, -79.11
 34.54, -79.27
 34.55, -79.42
 34.55, -79.42
 34.55, -79.57
 34.53, -79.72
 34.49, -79.83
 34.45, -79.89
 34.39, -79.97
 34.27, -80.02
 34.14, -80.0
 34.1, -79.97
 34.0, -79.89
 33.97, -79.86
 33.92, -79.72
 33.95, -79.58
 33.96, -79.56
 34.05, -79.39
 34.05, -79.39
 34.14, -79.24
 34.17, -79.21
 34.23, -79.04
 34.23, -79.04
 34.24, -78.89
 34.22, -78.75
 34.2, -78.6
 34.17, -78.46
 34.15, -78.32
 34.13, -78.17
 34.12, -78.02
 34.12, -77.87
 34.11, -77.73
 34.02, -77.6
 33.98, -77.58
 33.86, -77.6
 33.74, -77.65
 33.63, -77.69
 33.5, -77.71
 33.38, -77.68
 33.27, -77.65
 33.24, -77.64
 33.12, -77.64
 33.0, -77.69
 32.96, -77.73
 32.91, -77.82
 32.88, -77.9
 32.84, -78.06
 32.83, -78.09
 32.79, -78.22
 32.74, -78.29
 32.66, -78.39
 32.64, -78.42
 32.54, -78.53
 32.47, -78.59
 32.43, -78.63
 32.32, -78.73
 32.25, -78.79
 32.22, -78.82
 32.1, -78.89
 31.99, -78.93
 31.87, -78.94
 31.74, -78.92
 31.72, -78.92
 31.61, -78.88
 31.48, -78.84
 31.47, -78.83
 31.35, -78.8
 31.22, -78.78
 31.15, -78.76
 31.09, -78.76
 30.97, -78.75
 30.84, -78.74
 30.72, -78.74
 30.6, -78.75
 30.49, -78.84
 30.44, -78.94
 30.4, -79.01
 30.35, -79.1
 30.3, -79.17
 30.2, -79.27
 30.18, -79.28
 30.09, -79.34
 29.97, -79.39
 29.86, -79.44
 29.75, -79.52
 29.75, -79.52
 29.65, -79.64
 29.6, -79.7
 29.55, -79.77
 29.47, -79.87
 29.45, -79.89
 29.34, -80.01
 29.29, -80.05
 29.23, -80.1
 29.12, -80.16
 29.01, -80.21
 28.89, -80.24
 28.77, -80.28
 28.66, -80.32
 28.63, -80.33
 28.55, -80.38
 28.43, -80.43
 28.32, -80.46
 28.2, -80.49
 28.08, -80.52
 27.97, -80.58
 27.91, -80.62
 27.86, -80.67
 27.76, -80.79
 27.76, -80.79
 27.69, -80.94
 27.67, -81.0
 27.65, -81.09
 27.66, -81.23
 27.72, -81.33
 27.74, -81.35
 27.86, -81.43
 27.89, -81.45
 28.0, -81.53
 28.04, -81.56
 28.14, -81.65
 28.17, -81.68
 28.28, -81.79
 28.29, -81.79
 28.39, -81.91
 28.43, -81.98
 28.46, -82.03
 28.51, -82.16
 28.54, -82.29
 28.59, -82.42
 28.63, -82.49
 28.67, -82.55
 28.78, -82.67
 28.78, -82.67
 28.91, -82.76
 28.94, -82.77
 29.04, -82.83
 29.13, -82.88
 29.18, -82.92
 29.24, -83.0
 29.28, -83.13
 29.31, -83.26
 29.34, -83.4
 29.37, -83.53
 29.39, -83.59
 29.52, -83.65
 29.63, -83.57
 29.74, -83.5
 29.86, -83.46
 29.98, -83.46
 30.11, -83.46
 30.23, -83.47
 30.35, -83.48
 30.39, -83.49
 30.48, -83.54
 30.61, -83.6
 30.61, -83.6
 30.74, -83.62
 30.86, -83.64
 30.98, -83.67
 30.99, -83.67
 31.11, -83.7
 31.24, -83.72
 31.36, -83.72
 31.48, -83.7
 31.6, -83.67
 31.72, -83.63
 31.83, -83.61
 31.96, -83.61
 32.05, -83.63
 32.08, -83.63
 32.21, -83.64
 32.33, -83.63
 32.44, -83.58
 32.5, -83.55
 32.56, -83.51
 32.67, -83.41
 32.73, -83.36
 32.78, -83.32
 32.89, -83.26
 33.01, -83.22
 33.13, -83.2
 33.25, -83.17
 33.36, -83.11
 33.44, -83.08
 33.48, -83.06
 33.53, -83.06
 33.61, -83.11
 33.64, -83.19
 33.67, -83.33
 33.68, -83.48
 33.67, -83.6
 33.67, -83.63
 33.65, -83.78
 33.62, -83.93
 33.6, -83.99
 33.57, -84.09
 33.52, -84.24
 33.51, -84.26
 33.46, -84.4
 33.42, -84.5
 33.39, -84.56
 33.32, -84.71
 33.31, -84.72
 33.22, -84.88
 33.22, -84.89
 33.11, -85.04
 33.11, -85.05
 33.01, -85.2
 33.0, -85.21
 32.9, -85.33
 32.85, -85.38
 32.79, -85.43
 32.67, -85.51
 32.56, -85.57
 32.55, -85.57
 32.44, -85.63
 32.33, -85.69
 32.22, -85.77
 32.21, -85.77
 32.1, -85.88
 32.06, -85.93
 32.0, -86.03
 31.96, -86.09
 31.89, -86.2
 31.86, -86.25
 31.79, -86.36
 31.76, -86.41
 31.68, -86.52
 31.65, -86.57
 31.58, -86.68
 31.55, -86.72
 31.47, -86.87
 31.47, -86.88
 31.39, -87.03
 31.37, -87.07
 31.32, -87.18
 31.27, -87.27
 31.25, -87.33
 31.18, -87.48
 31.17, -87.52
 31.14, -87.63
 31.08, -87.78
 31.08, -87.79
 31.03, -87.93
 30.98, -88.07
 30.98, -88.08
 30.93, -88.22
 30.89, -88.37
 30.89, -88.39
 30.86, -88.52
 30.83, -88.66
 30.8, -88.78
 30.79, -88.81
 30.76, -88.95
 30.71, -89.1
 30.7, -89.11
 30.66, -89.24
 30.6, -89.37
 30.59, -89.39
 30.55, -89.54
 30.5, -89.66
 30.49, -89.68
 30.44, -89.83
 30.4, -89.92
 30.38, -89.97
 30.29, -90.12
 30.29, -90.12
 30.21, -90.27
 30.18, -90.31
 30.13, -90.42
 30.08, -90.52
 30.06, -90.56
 30.01, -90.71
 29.97, -90.78
 29.95, -90.85
 29.9, -90.99
 29.87, -91.06
 29.84, -91.14
 29.76, -91.28
 29.76, -91.28
 29.69, -91.43
 29.65, -91.5
 29.62, -91.57
 29.56, -91.72
 29.55, -91.76
 29.53, -91.86
 29.5, -92.0
 29.47, -92.14
 29.45, -92.22
 29.44, -92.28
 29.41, -92.42
 29.36, -92.56
 29.35, -92.58
 29.31, -92.7
 29.26, -92.84
 29.24, -92.88
 29.21, -92.98
 29.16, -93.12
 29.13, -93.2
 29.12, -93.26
 29.07, -93.4
 29.03, -93.52
 29.02, -93.54
 28.96, -93.68
 28.92, -93.77
 28.88, -93.83
 28.8, -93.92
 28.74, -93.97
 28.68, -94.02
 28.57, -94.11
 28.57, -94.12
 28.48, -94.25
 28.45, -94.31
 28.43, -94.39
 28.4, -94.53
 28.39, -94.67
 28.38, -94.8
 28.37, -94.94
 28.35, -95.04
 28.34, -95.08
 28.27, -95.22
 28.24, -95.25
 28.12, -95.35
 28.12, -95.36
 28.0, -95.46
 27.96, -95.5
 27.88, -95.58
 27.84, -95.64
 27.77, -95.74
 27.75, -95.77
 27.7, -95.91
 27.65, -96.03
 27.65, -96.05
 27.59, -96.18
 27.54, -96.28
 27.51, -96.32
 27.42, -96.45
 27.42, -96.45
 27.3, -96.59
 27.3, -96.59
 27.18, -96.71
 27.17, -96.73
 27.06, -96.86
 27.06, -96.87
 27.01, -97.0
 26.96, -97.13
 26.94, -97.19
 26.92, -97.26
 26.88, -97.4
 26.84, -97.53
 26.83, -97.59
 26.81, -97.67
 26.79, -97.8
 26.77, -97.93
 26.76, -98.07
 26.71, -98.2
 26.7, -98.22
 26.58, -98.33
 26.58, -98.33
 26.46, -98.35
 26.42, -98.33
 26.34, -98.31
 26.23, -98.25
 26.11, -98.21
 25.99, -98.27
 25.96, -98.33
 25.93, -98.46
 25.91, -98.59
 25.9, -98.72
 25.88, -98.85
 25.86, -98.94
 25.85, -98.99
 25.8, -99.12
 25.75, -99.25
 25.74, -99.34
 25.73, -99.38
 25.73, -99.4
 25.75, -99.51
 25.8, -99.65
 25.85, -99.75
 25.86, -99.78
 25.91, -99.91
 25.95, -100.05
 25.96, -100.16
 25.96, -100.18
 25.96, -100.19
 25.89, -100.31
 25.83, -100.35
 25.71, -100.35
 25.59, -100.33
 25.48, -100.3
 25.47, -100.3
 25.36, -100.27
 25.24, -100.26
End:

Color: 221 86 78 255
Line: 2, 0, "250.0"
 33.19, -79.89
 33.14, -79.75
 33.17, -79.6
 33.21, -79.55
 33.32, -79.5
 33.45, -79.51
 33.47, -79.53
 33.58, -79.65
 33.61, -79.75
 33.62, -79.79
 33.62, -79.8
 33.55, -79.95
 33.52, -79.98
 33.41, -80.03
 33.31, -80.01
 33.28, -79.99
 33.19, -79.89
End:

Color: 221 86 78 255
Line: 2, 0, "250.0"
 35.43, -80.42
 35.44, -80.37
 35.45, -80.26
 35.47, -80.11
 35.48, -79.95
 35.47, -79.8
 35.45, -79.66
 35.41, -79.51
 35.37, -79.37
 35.33, -79.23
 35.3, -79.08
 35.28, -78.94
 35.28, -78.78
 35.3, -78.72
 35.38, -78.61
 35.4, -78.58
 35.52, -78.55
 35.57, -78.56
 35.64, -78.56
 35.77, -78.58
 35.9, -78.63
 35.9, -78.63
 36.01, -78.75
 36.07, -78.89
 36.08, -79.04
 36.07, -79.2
 36.06, -79.35
 36.08, -79.5
 36.12, -79.65
 36.16, -79.79
 36.18, -79.94
 36.18, -80.09
 36.16, -80.25
 36.16, -80.25
 36.11, -80.42
 36.08, -80.49
 35.97, -80.6
 35.85, -80.62
 35.72, -80.61
 35.6, -80.6
 35.48, -80.56
 35.46, -80.52
 35.43, -80.42
End:

Color: 221 86 78 255
Line: 3, 0, "500.0"
 23.23, -77.26
 23.35, -77.26
 23.48, -77.3
 23.49, -77.31
 23.62, -77.4
 23.63, -77.41
 23.76, -77.51
 23.77, -77.52
 23.88, -77.62
 23.91, -77.64
 24.0, -77.72
 24.06, -77.75
 24.15, -77.82
 24.19, -77.84
 24.31, -77.91
 24.33, -77.92
 24.47, -78.0
 24.48, -78.0
 24.6, -78.07
 24.64, -78.1
 24.74, -78.14
 24.83, -78.19
 24.87, -78.2
 25.0, -78.24
 25.08, -78.26
 25.13, -78.28
 25.26, -78.31
 25.33, -78.34
 25.39, -78.36
 25.52, -78.4
 25.56, -78.42
 25.65, -78.46
 25.76, -78.51
 25.78, -78.52
 25.92, -78.59
 25.94, -78.6
 26.05, -78.66
 26.12, -78.7
 26.19, -78.73
 26.32, -78.78
 26.35, -78.78
 26.44, -78.78
 26.56, -78.76
 26.67, -78.73
 26.79, -78.7
 26.9, -78.67
 26.99, -78.63
 27.02, -78.62
 27.13, -78.54
 27.23, -78.47
 27.32, -78.41
 27.34, -78.4
 27.45, -78.32
 27.55, -78.22
 27.55, -78.22
 27.6, -78.07
 27.62, -77.94
 27.62, -77.93
 27.63, -77.79
 27.62, -77.65
 27.59, -77.52
 27.54, -77.39
 27.53, -77.26
 27.6, -77.17
 27.66, -77.09
 27.7, -77.06
 27.8, -76.96
 27.88, -76.89
 27.9, -76.87
 28.01, -76.77
 28.09, -76.7
 28.11, -76.67
 28.2, -76.53
 28.2, -76.52
 28.25, -76.38
 28.28, -76.3
 28.31, -76.22
 28.36, -76.11
 28.39, -76.06
 28.45, -75.93
 28.47, -75.9
 28.54, -75.77
 28.65, -75.71
 28.77, -75.7
 28.9, -75.7
 29.02, -75.7
 29.14, -75.67
 29.25, -75.62
 29.36, -75.56
 29.47, -75.5
 29.58, -75.45
 29.58, -75.45
 29.7, -75.4
 29.81, -75.34
 29.92, -75.28
 30.03, -75.21
 30.1, -75.16
 30.14, -75.13
 30.25, -75.06
 30.36, -75.0
 30.47, -74.95
 30.59, -74.91
 30.7, -74.88
 30.82, -74.84
 30.94, -74.81
 31.05, -74.77
 31.17, -74.72
 31.28, -74.68
 31.4, -74.64
 31.45, -74.62
 31.52, -74.59
 31.63, -74.55
 31.74, -74.5
 31.86, -74.46
 31.97, -74.41
 32.09, -74.36
 32.2, -74.31
 32.32, -74.26
 32.43, -74.21
 32.55, -74.16
 32.66, -74.11
 32.73, -74.09
 32.78, -74.06
 32.89, -74.01
 33.0, -73.97
 33.12, -73.93
 33.24, -73.91
 33.31, -73.9
 33.37, -73.9
 33.49, -73.91
 33.62, -73.93
 33.68, -73.94
 33.75, -73.95
 33.88, -73.95
 34.0, -73.93
 34.12, -73.9
 34.24, -73.86
 34.35, -73.82
 34.47, -73.77
 34.58, -73.73
 34.7, -73.69
 34.82, -73.65
 34.94, -73.61
 35.05, -73.56
 35.16, -73.5
 35.26, -73.43
 35.27, -73.42
 35.38, -73.34
 35.49, -73.25
 35.6, -73.18
 35.62, -73.16
 35.7, -73.09
 35.81, -73.0
 35.92, -72.91
 35.94, -72.89
 36.02, -72.83
 36.13, -72.75
 36.24, -72.68
 36.36, -72.63
 36.47, -72.58
 36.59, -72.55
 36.73, -72.59
 36.76, -72.61
 36.84, -72.74
 36.9, -72.88
 36.94, -73.02
 36.96, -73.18
 36.97, -73.33
 36.99, -73.48
 37.01, -73.63
 37.04, -73.78
 37.07, -73.93
 37.09, -74.08
 37.1, -74.24
 37.09, -74.28
 37.07, -74.4
 37.02, -74.54
 37.0, -74.58
 36.93, -74.72
 36.9, -74.77
 36.83, -74.87
 36.74, -74.98
 36.73, -74.99
 36.62, -75.08
 36.51, -75.15
 36.4, -75.21
 36.28, -75.24
 36.15, -75.23
 36.05, -75.19
 36.02, -75.18
 35.88, -75.13
 35.81, -75.11
 35.75, -75.1
 35.62, -75.08
 35.5, -75.09
 35.38, -75.13
 35.27, -75.21
 35.2, -75.29
 35.17, -75.33
 35.07, -75.48
 35.07, -75.49
 34.99, -75.66
 34.99, -75.67
 34.9, -75.84
 34.9, -75.85
 34.8, -75.98
 34.7, -76.05
 34.69, -76.06
 34.57, -76.11
 34.45, -76.14
 34.34, -76.19
 34.24, -76.3
 34.2, -76.35
 34.14, -76.46
 34.11, -76.52
 34.06, -76.66
 34.04, -76.69
 33.99, -76.86
 33.98, -76.89
 33.91, -77.03
 33.88, -77.06
 33.78, -77.15
 33.66, -77.2
 33.53, -77.2
 33.43, -77.16
 33.4, -77.15
 33.27, -77.12
 33.15, -77.13
 33.04, -77.19
 32.93, -77.26
 32.87, -77.31
 32.82, -77.36
 32.72, -77.48
 32.7, -77.5
 32.62, -77.63
 32.59, -77.68
 32.53, -77.79
 32.49, -77.85
 32.43, -77.96
 32.39, -78.02
 32.34, -78.11
 32.25, -78.2
 32.23, -78.22
 32.13, -78.31
 32.01, -78.35
 31.89, -78.35
 31.77, -78.32
 31.76, -78.32
 31.63, -78.31
 31.51, -78.33
 31.39, -78.37
 31.28, -78.4
 31.16, -78.43
 31.04, -78.45
 30.92, -78.46
 30.8, -78.47
 30.67, -78.47
 30.55, -78.49
 30.44, -78.55
 30.34, -78.67
 30.34, -78.67
 30.27, -78.83
 30.25, -78.87
 30.18, -79.0
 30.16, -79.03
 30.05, -79.11
 29.93, -79.17
 29.83, -79.22
 29.82, -79.22
 29.71, -79.31
 29.62, -79.41
 29.61, -79.42
 29.51, -79.55
 29.49, -79.58
 29.41, -79.69
 29.36, -79.75
 29.31, -79.81
 29.2, -79.91
 29.16, -79.94
 29.09, -79.98
 28.98, -80.01
 28.85, -80.02
 28.79, -80.02
 28.73, -80.02
 28.61, -80.03
 28.49, -80.07
 28.4, -80.1
 28.38, -80.11
 28.27, -80.16
 28.15, -80.2
 28.04, -80.24
 27.92, -80.29
 27.81, -80.35
 27.77, -80.38
 27.7, -80.43
 27.6, -80.53
 27.58, -80.56
 27.5, -80.69
 27.49, -80.71
 27.42, -80.86
 27.41, -80.89
 27.34, -81.02
 27.32, -81.06
 27.23, -81.18
 27.22, -81.2
 27.11, -81.31
 27.0, -81.34
 26.87, -81.32
 26.75, -81.29
 26.7, -81.28
 26.62, -81.27
 26.5, -81.26
 26.37, -81.23
 26.35, -81.22
 26.25, -81.18
 26.13, -81.13
 26.11, -81.12
 25.99, -81.08
 25.87, -81.11
 25.83, -81.19
 25.82, -81.32
 25.86, -81.45
 25.9, -81.57
 25.95, -81.7
 25.97, -81.76
 26.01, -81.82
 26.1, -81.94
 26.13, -81.96
 26.25, -81.98
 26.37, -81.95
 26.48, -81.91
 26.6, -81.88
 26.71, -81.84
 26.76, -81.81
 26.82, -81.77
 26.93, -81.68
 26.99, -81.63
 27.03, -81.56
 27.14, -81.49
 27.27, -81.51
 27.36, -81.56
 27.4, -81.57
 27.53, -81.63
 27.56, -81.66
 27.66, -81.71
 27.73, -81.76
 27.8, -81.81
 27.87, -81.87
 27.94, -81.93
 28.0, -81.98
 28.08, -82.05
 28.13, -82.1
 28.22, -82.22
 28.23, -82.24
 28.28, -82.34
 28.35, -82.47
 28.4, -82.55
 28.42, -82.59
 28.52, -82.71
 28.54, -82.74
 28.63, -82.83
 28.69, -82.9
 28.74, -82.95
 28.83, -83.05
 28.85, -83.07
 28.95, -83.19
 28.98, -83.23
 29.03, -83.32
 29.07, -83.45
 29.1, -83.58
 29.12, -83.72
 29.13, -83.85
 29.16, -83.99
 29.19, -84.12
 29.23, -84.21
 29.25, -84.25
 29.32, -84.38
 29.38, -84.51
 29.4, -84.58
 29.41, -84.64
 29.44, -84.78
 29.47, -84.91
 29.56, -84.96
 29.68, -84.91
 29.79, -84.86
 29.79, -84.86
 29.91, -84.83
 29.99, -84.83
 30.03, -84.83
 30.16, -84.83
 30.28, -84.82
 30.39, -84.79
 30.45, -84.76
 30.51, -84.71
 30.61, -84.59
 30.62, -84.59
 30.7, -84.43
 30.71, -84.4
 30.78, -84.28
 30.81, -84.23
 30.93, -84.14
 31.05, -84.13
 31.17, -84.15
 31.3, -84.17
 31.34, -84.18
 31.42, -84.23
 31.5, -84.3
 31.55, -84.43
 31.56, -84.58
 31.6, -84.65
 31.63, -84.71
 31.73, -84.76
 31.86, -84.8
 31.89, -84.81
 31.98, -84.81
 32.1, -84.77
 32.1, -84.77
 32.16, -84.62
 32.17, -84.47
 32.18, -84.4
 32.19, -84.32
 32.27, -84.17
 32.28, -84.17
 32.38, -84.07
 32.5, -84.0
 32.53, -83.98
 32.61, -83.92
 32.72, -83.81
 32.74, -83.79
 32.83, -83.7
 32.94, -83.61
 32.94, -83.61
 33.06, -83.57
 33.18, -83.57
 33.19, -83.57
 33.31, -83.63
 33.35, -83.68
 33.37, -83.83
 33.35, -83.94
 33.34, -83.98
 33.3, -84.13
 33.26, -84.26
 33.26, -84.29
 33.2, -84.44
 33.17, -84.52
 33.14, -84.6
 33.08, -84.74
 33.07, -84.76
 32.97, -84.92
 32.97, -84.92
 32.87, -85.07
 32.85, -85.09
 32.76, -85.19
 32.67, -85.26
 32.65, -85.28
 32.53, -85.33
 32.42, -85.38
 32.3, -85.43
 32.23, -85.47
 32.18, -85.5
 32.07, -85.6
 32.03, -85.65
 31.97, -85.73
 31.92, -85.81
 31.86, -85.9
 31.83, -85.97
 31.76, -86.09
 31.74, -86.12
 31.66, -86.25
 31.63, -86.28
 31.55, -86.4
 31.52, -86.44
 31.44, -86.56
 31.42, -86.6
 31.34, -86.75
 31.34, -86.75
 31.27, -86.9
 31.24, -86.96
 31.19, -87.06
 31.14, -87.17
 31.12, -87.21
 31.06, -87.36
 31.04, -87.42
 31.02, -87.51
 30.97, -87.65
 30.95, -87.72
 30.92, -87.8
 30.87, -87.95
 30.85, -88.01
 30.82, -88.1
 30.78, -88.24
 30.76, -88.3
 30.73, -88.39
 30.7, -88.53
 30.67, -88.65
 30.66, -88.68
 30.63, -88.82
 30.58, -88.97
 30.57, -88.99
 30.53, -89.12
 30.48, -89.26
 30.47, -89.28
 30.44, -89.41
 30.39, -89.55
 30.38, -89.6
 30.35, -89.7
 30.29, -89.84
 30.27, -89.88
 30.22, -89.99
 30.17, -90.08
 30.14, -90.14
 30.06, -90.28
 30.06, -90.28
 29.99, -90.43
 29.96, -90.51
 29.93, -90.57
 29.88, -90.72
 29.85, -90.78
 29.83, -90.86
 29.77, -91.01
 29.75, -91.05
 29.71, -91.15
 29.64, -91.27
 29.63, -91.29
 29.56, -91.44
 29.53, -91.49
 29.5, -91.58
 29.45, -91.72
 29.43, -91.8
 29.42, -91.86
 29.39, -92.0
 29.36, -92.15
 29.33, -92.26
 29.33, -92.29
 29.29, -92.43
 29.24, -92.57
 29.23, -92.59
 29.19, -92.71
 29.13, -92.85
 29.12, -92.88
 29.08, -92.99
 29.03, -93.13
 29.01, -93.18
 28.98, -93.27
 28.93, -93.41
 28.9, -93.46
 28.86, -93.55
 28.79, -93.67
 28.77, -93.69
 28.68, -93.8
 28.63, -93.84
 28.56, -93.89
 28.45, -93.98
 28.44, -93.99
 28.34, -94.12
 28.33, -94.15
 28.28, -94.26
 28.24, -94.4
 28.22, -94.52
 28.22, -94.54
 28.2, -94.67
 28.19, -94.81
 28.15, -94.95
 28.11, -95.03
 28.09, -95.09
 28.0, -95.2
 27.98, -95.22
 27.88, -95.34
 27.86, -95.36
 27.76, -95.47
 27.74, -95.5
 27.65, -95.64
 27.64, -95.64
 27.58, -95.78
 27.53, -95.9
 27.53, -95.91
 27.47, -96.05
 27.41, -96.15
 27.39, -96.18
 27.3, -96.31
 27.28, -96.32
 27.18, -96.42
 27.14, -96.46
 27.06, -96.53
 27.01, -96.59
 26.94, -96.69
 26.92, -96.73
 26.87, -96.86
 26.82, -96.99
 26.82, -97.0
 26.78, -97.13
 26.73, -97.26
 26.71, -97.34
 26.69, -97.4
 26.64, -97.53
 26.59, -97.66
 26.59, -97.67
 26.53, -97.8
 26.47, -97.9
 26.39, -97.93
 26.35, -97.94
 26.23, -97.93
 26.23, -97.93
 26.11, -97.92
 26.05, -97.93
 25.99, -97.94
 25.87, -98.05
 25.87, -98.06
 25.81, -98.19
 25.78, -98.32
 25.76, -98.46
 25.75, -98.55
 25.74, -98.59
 25.71, -98.72
 25.66, -98.85
 25.62, -98.91
 25.55, -98.98
 25.5, -99.05
 25.44, -99.11
 25.42, -99.24
 25.44, -99.37
 25.47, -99.51
 25.49, -99.61
 25.5, -99.64
 25.53, -99.77
 25.54, -99.9
 25.48, -99.98
 25.41, -100.03
 25.36, -100.04
 25.25, -100.05
End:

Color: 221 86 78 255
Line: 4, 0, "1000.0"
 23.97, -81.25
 24.07, -81.15
 24.08, -81.13
 24.13, -80.99
 24.16, -80.95
 24.18, -80.85
 24.24, -80.73
 24.25, -80.7
 24.33, -80.56
 24.33, -80.55
 24.42, -80.4
 24.43, -80.4
 24.52, -80.26
 24.53, -80.25
 24.62, -80.13
 24.66, -80.09
 24.72, -80.01
 24.8, -79.93
 24.82, -79.89
 24.91, -79.77
 24.92, -79.76
 25.02, -79.65
 25.09, -79.6
 25.12, -79.57
 25.23, -79.5
 25.34, -79.42
 25.37, -79.4
 25.45, -79.34
 25.55, -79.27
 25.67, -79.21
 25.78, -79.19
 25.91, -79.19
 26.03, -79.21
 26.13, -79.23
 26.16, -79.24
 26.28, -79.27
 26.41, -79.28
 26.53, -79.27
 26.64, -79.23
 26.75, -79.18
 26.87, -79.12
 26.98, -79.07
 27.07, -79.02
 27.09, -79.01
 27.2, -78.95
 27.31, -78.87
 27.36, -78.82
 27.41, -78.77
 27.52, -78.7
 27.63, -78.63
 27.66, -78.61
 27.74, -78.55
 27.84, -78.45
 27.86, -78.42
 27.93, -78.27
 27.93, -78.27
 27.97, -78.12
 27.99, -77.98
 27.99, -77.95
 28.02, -77.83
 28.05, -77.68
 28.06, -77.65
 28.09, -77.53
 28.13, -77.39
 28.13, -77.38
 28.23, -77.25
 28.27, -77.21
 28.33, -77.16
 28.44, -77.09
 28.55, -77.01
 28.56, -77.0
 28.65, -76.92
 28.76, -76.84
 28.81, -76.79
 28.86, -76.74
 28.97, -76.66
 29.08, -76.58
 29.09, -76.58
 29.19, -76.51
 29.3, -76.46
 29.41, -76.4
 29.53, -76.36
 29.64, -76.32
 29.76, -76.28
 29.87, -76.24
 29.99, -76.21
 30.11, -76.19
 30.23, -76.16
 30.34, -76.12
 30.44, -76.07
 30.46, -76.06
 30.56, -75.97
 30.66, -75.86
 30.66, -75.86
 30.76, -75.75
 30.83, -75.67
 30.86, -75.64
 30.97, -75.54
 31.06, -75.46
 31.07, -75.45
 31.18, -75.38
 31.29, -75.31
 31.41, -75.25
 31.52, -75.19
 31.61, -75.16
 31.63, -75.15
 31.75, -75.11
 31.87, -75.08
 31.99, -75.05
 31.99, -75.05
 32.11, -75.02
 32.23, -75.0
 32.35, -74.98
 32.47, -74.97
 32.59, -74.96
 32.72, -74.95
 32.84, -74.94
 32.89, -74.93
 32.96, -74.92
 33.08, -74.9
 33.2, -74.88
 33.32, -74.85
 33.44, -74.82
 33.56, -74.8
 33.68, -74.78
 33.8, -74.76
 33.92, -74.74
 34.04, -74.72
 34.07, -74.72
 34.17, -74.72
 34.3, -74.76
 34.34, -74.79
 34.44, -74.91
 34.47, -74.97
 34.52, -75.04
 34.58, -75.18
 34.58, -75.33
 34.55, -75.38
 34.45, -75.49
 34.34, -75.55
 34.22, -75.58
 34.1, -75.62
 34.09, -75.62
 33.99, -75.7
 33.92, -75.82
 33.9, -75.86
 33.82, -76.0
 33.81, -76.02
 33.71, -76.16
 33.67, -76.19
 33.61, -76.27
 33.5, -76.36
 33.41, -76.42
 33.39, -76.43
 33.28, -76.51
 33.17, -76.59
 33.09, -76.66
 33.06, -76.68
 32.96, -76.78
 32.88, -76.86
 32.85, -76.89
 32.75, -76.99
 32.67, -77.07
 32.64, -77.09
 32.54, -77.2
 32.47, -77.27
 32.44, -77.31
 32.33, -77.42
 32.27, -77.47
 32.23, -77.51
 32.11, -77.55
 32.02, -77.53
 31.98, -77.53
 31.85, -77.48
 31.76, -77.45
 31.72, -77.45
 31.6, -77.45
 31.48, -77.49
 31.37, -77.54
 31.31, -77.57
 31.25, -77.6
 31.14, -77.68
 31.04, -77.76
 30.99, -77.8
 30.93, -77.85
 30.82, -77.94
 30.74, -78.0
 30.71, -78.02
 30.6, -78.08
 30.49, -78.13
 30.37, -78.18
 30.26, -78.26
 30.25, -78.27
 30.16, -78.36
 30.11, -78.44
 30.07, -78.53
 30.03, -78.61
 29.97, -78.7
 29.9, -78.78
 29.87, -78.8
 29.76, -78.88
 29.65, -78.96
 29.62, -78.99
 29.55, -79.06
 29.47, -79.16
 29.45, -79.19
 29.35, -79.32
 29.34, -79.33
 29.25, -79.46
 29.21, -79.5
 29.15, -79.58
 29.04, -79.66
 28.92, -79.69
 28.8, -79.69
 28.68, -79.69
 28.56, -79.71
 28.44, -79.76
 28.33, -79.82
 28.22, -79.87
 28.22, -79.87
 28.1, -79.91
 27.99, -79.94
 27.87, -79.98
 27.76, -80.02
 27.64, -80.07
 27.53, -80.11
 27.41, -80.15
 27.3, -80.19
 27.18, -80.23
 27.17, -80.23
 27.07, -80.28
 26.96, -80.34
 26.84, -80.38
 26.72, -80.39
 26.6, -80.39
 26.48, -80.39
 26.43, -80.39
 26.36, -80.39
 26.24, -80.39
 26.12, -80.39
 25.99, -80.38
 25.87, -80.37
 25.85, -80.37
 25.75, -80.38
 25.69, -80.41
 25.64, -80.44
 25.57, -80.57
 25.55, -80.62
 25.53, -80.71
 25.49, -80.85
 25.47, -80.89
 25.43, -81.0
 25.39, -81.1
 25.36, -81.14
 25.29, -81.28
 25.28, -81.29
 25.2, -81.43
 25.17, -81.45
 25.09, -81.53
 24.98, -81.58
 24.87, -81.62
 24.82, -81.65
 24.87, -81.77
 24.89, -81.78
 25.02, -81.81
 25.14, -81.85
 25.14, -81.86
 25.27, -81.92
 25.31, -81.95
 25.39, -82.07
 25.43, -82.14
 25.45, -82.19
 25.5, -82.32
 25.55, -82.44
 25.61, -82.56
 25.61, -82.57
 25.68, -82.69
 25.75, -82.81
 25.77, -82.84
 25.84, -82.93
 25.92, -83.01
 25.97, -83.04
 26.05, -83.08
 26.17, -83.09
 26.29, -83.05
 26.4, -82.98
 26.42, -82.96
 26.5, -82.86
 26.54, -82.8
 26.6, -82.7
 26.63, -82.65
 26.69, -82.52
 26.7, -82.5
 26.79, -82.38
 26.84, -82.34
 26.9, -82.29
 27.01, -82.21
 27.1, -82.16
 27.12, -82.14
 27.23, -82.09
 27.35, -82.07
 27.45, -82.09
 27.48, -82.09
 27.61, -82.16
 27.65, -82.19
 27.74, -82.25
 27.8, -82.3
 27.88, -82.38
 27.91, -82.41
 28.0, -82.53
 28.04, -82.59
 28.08, -82.66
 28.15, -82.78
 28.2, -82.88
 28.22, -82.91
 28.27, -83.03
 28.31, -83.17
 28.31, -83.3
 28.32, -83.44
 28.35, -83.57
 28.42, -83.7
 28.43, -83.71
 28.54, -83.82
 28.57, -83.84
 28.65, -83.94
 28.72, -84.02
 28.74, -84.06
 28.8, -84.19
 28.85, -84.32
 28.89, -84.45
 28.9, -84.47
 28.93, -84.58
 28.96, -84.72
 28.98, -84.85
 28.99, -84.99
 29.0, -85.13
 29.02, -85.26
 29.04, -85.4
 29.06, -85.53
 29.1, -85.67
 29.15, -85.8
 29.18, -85.87
 29.22, -85.93
 29.3, -86.05
 29.33, -86.1
 29.38, -86.18
 29.45, -86.31
 29.48, -86.36
 29.61, -86.41
 29.71, -86.3
 29.73, -86.27
 29.76, -86.13
 29.76, -85.99
 29.77, -85.85
 29.78, -85.78
 29.82, -85.7
 29.88, -85.61
 30.0, -85.57
 30.12, -85.54
 30.2, -85.5
 30.23, -85.48
 30.35, -85.42
 30.46, -85.36
 30.58, -85.32
 30.7, -85.34
 30.79, -85.41
 30.85, -85.54
 30.85, -85.54
 30.85, -85.55
 30.86, -85.68
 30.84, -85.83
 30.81, -85.98
 30.79, -86.1
 30.78, -86.12
 30.79, -86.26
 30.81, -86.4
 30.82, -86.44
 30.87, -86.53
 30.9, -86.67
 30.89, -86.81
 30.87, -86.93
 30.87, -86.96
 30.84, -87.1
 30.81, -87.25
 30.79, -87.34
 30.78, -87.39
 30.75, -87.54
 30.72, -87.68
 30.71, -87.74
 30.68, -87.83
 30.64, -87.98
 30.61, -88.05
 30.59, -88.12
 30.54, -88.27
 30.52, -88.34
 30.49, -88.42
 30.46, -88.56
 30.43, -88.69
 30.42, -88.71
 30.39, -88.85
 30.35, -88.99
 30.33, -89.04
 30.31, -89.14
 30.27, -89.28
 30.24, -89.41
 30.24, -89.43
 30.2, -89.57
 30.15, -89.72
 30.14, -89.74
 30.09, -89.86
 30.04, -89.97
 30.02, -90.01
 29.94, -90.15
 29.93, -90.18
 29.87, -90.3
 29.83, -90.4
 29.81, -90.45
 29.76, -90.59
 29.73, -90.68
 29.71, -90.73
 29.66, -90.88
 29.62, -90.95
 29.59, -91.02
 29.52, -91.16
 29.51, -91.18
 29.45, -91.31
 29.41, -91.4
 29.38, -91.45
 29.33, -91.59
 29.3, -91.7
 29.3, -91.74
 29.27, -91.88
 29.24, -92.02
 29.21, -92.16
 29.21, -92.16
 29.17, -92.3
 29.12, -92.44
 29.1, -92.48
 29.06, -92.58
 29.0, -92.72
 28.99, -92.75
 28.95, -92.86
 28.9, -93.0
 28.89, -93.03
 28.84, -93.14
 28.78, -93.28
 28.78, -93.29
 28.7, -93.42
 28.66, -93.47
 28.58, -93.57
 28.55, -93.6
 28.43, -93.69
 28.4, -93.71
 28.32, -93.78
 28.24, -93.85
 28.2, -93.91
 28.15, -94.0
 28.09, -94.13
 28.09, -94.14
 28.05, -94.27
 28.02, -94.41
 27.99, -94.55
 27.98, -94.62
 27.97, -94.68
 27.93, -94.82
 27.87, -94.96
 27.87, -94.96
 27.78, -95.09
 27.75, -95.12
 27.66, -95.23
 27.64, -95.26
 27.54, -95.37
 27.52, -95.4
 27.44, -95.51
 27.4, -95.57
 27.36, -95.65
 27.29, -95.77
 27.28, -95.78
 27.19, -95.92
 27.17, -95.94
 27.06, -96.06
 27.05, -96.06
 26.94, -96.18
 26.93, -96.19
 26.83, -96.33
 26.82, -96.35
 26.76, -96.46
 26.7, -96.58
 26.7, -96.6
 26.63, -96.73
 26.58, -96.84
 26.57, -96.86
 26.51, -97.0
 26.47, -97.12
 26.46, -97.13
 26.41, -97.27
 26.35, -97.37
 26.33, -97.4
 26.23, -97.49
 26.14, -97.53
 26.11, -97.54
 25.99, -97.59
 25.87, -97.66
 25.87, -97.66
 25.75, -97.79
 25.75, -97.8
 25.68, -97.93
 25.63, -98.03
 25.62, -98.06
 25.58, -98.19
 25.54, -98.32
 25.51, -98.42
 25.49, -98.45
 25.39, -98.56
 25.33, -98.58
 25.27, -98.6
End:

Color: 221 86 78 255
Line: 4, 0, "1000.0"
 23.44, -78.29
 23.56, -78.3
 23.66, -78.33
 23.69, -78.34
 23.82, -78.39
 23.88, -78.41
 23.95, -78.44
 24.08, -78.49
 24.09, -78.49
 24.21, -78.57
 24.25, -78.59
 24.32, -78.7
 24.3, -78.84
 24.27, -78.87
 24.17, -78.95
 24.05, -79.0
 23.94, -79.04
 23.84, -79.08
 23.83, -79.08
 23.71, -79.11
 23.6, -79.14
End:

Color: 221 86 78 255
Line: 4, 0, "1000.0"
 31.3, -85.9
 31.3, -85.76
 31.35, -85.69
 31.47, -85.64
 31.53, -85.73
 31.49, -85.86
 31.47, -85.88
 31.38, -85.94
 31.3, -85.9
End:

Color: 221 86 78 255
Line: 4, 0, "1000.0"
 36.03, -74.11
 36.05, -74.1
 36.05, -74.1
 36.06, -74.15
 36.03, -74.11
End:

Color: 187 45 29 255
Line: 4, 0, "2000.0"
 25.23, -94.49
 25.33, -94.38
 25.35, -94.35
 25.4, -94.24
 25.46, -94.12
 25.47, -94.11
 25.52, -93.97
 25.57, -93.87
 25.58, -93.84
 25.64, -93.7
 25.68, -93.59
 25.69, -93.57
 25.74, -93.44
 25.77, -93.3
 25.77, -93.17
 25.75, -93.04
 25.7, -92.91
 25.66, -92.78
 25.64, -92.65
 25.65, -92.52
 25.66, -92.38
 25.67, -92.25
 25.65, -92.12
 25.6, -92.0
 25.6, -91.99
 25.49, -91.87
 25.48, -91.85
 25.35, -91.76
 25.32, -91.75
 25.23, -91.72
 25.11, -91.71
End:

Color: 187 45 29 255
Line: 4, 0, "2000.0"
 24.32, -83.59
 24.44, -83.61
 24.57, -83.65
 24.62, -83.67
 24.69, -83.69
 24.82, -83.74
 24.87, -83.76
 24.95, -83.79
 25.07, -83.84
 25.09, -83.85
 25.2, -83.91
 25.28, -83.95
 25.33, -83.98
 25.45, -84.06
 25.46, -84.07
 25.59, -84.15
 25.62, -84.17
 25.72, -84.23
 25.8, -84.27
 25.85, -84.3
 25.98, -84.36
 26.02, -84.37
 26.11, -84.4
 26.23, -84.43
 26.35, -84.44
 26.47, -84.43
 26.59, -84.4
 26.7, -84.35
 26.82, -84.3
 26.93, -84.26
 27.05, -84.24
 27.17, -84.26
 27.26, -84.3
 27.3, -84.32
 27.43, -84.41
 27.44, -84.41
 27.57, -84.5
 27.6, -84.52
 27.7, -84.57
 27.8, -84.62
 27.83, -84.63
 27.95, -84.68
 28.08, -84.71
 28.11, -84.71
 28.2, -84.73
 28.33, -84.76
 28.4, -84.81
 28.46, -84.86
 28.49, -84.93
 28.54, -85.06
 28.56, -85.19
 28.58, -85.33
 28.59, -85.47
 28.59, -85.6
 28.6, -85.74
 28.61, -85.88
 28.61, -86.01
 28.6, -86.1
 28.6, -86.15
 28.56, -86.3
 28.52, -86.41
 28.51, -86.44
 28.46, -86.58
 28.44, -86.72
 28.44, -86.83
 28.43, -86.86
 28.42, -87.0
 28.38, -87.14
 28.36, -87.23
 28.32, -87.29
 28.25, -87.42
 28.25, -87.44
 28.17, -87.58
 28.15, -87.6
 28.1, -87.73
 28.05, -87.8
 28.02, -87.87
 27.95, -87.99
 27.92, -88.02
 27.84, -88.15
 27.83, -88.17
 27.8, -88.31
 27.86, -88.41
 27.88, -88.44
 27.99, -88.51
 28.1, -88.55
 28.12, -88.56
 28.24, -88.57
 28.36, -88.54
 28.42, -88.51
 28.47, -88.47
 28.58, -88.37
 28.71, -88.39
 28.82, -88.47
 28.83, -88.47
 28.96, -88.5
 29.08, -88.49
 29.19, -88.44
 29.22, -88.42
 29.31, -88.37
 29.42, -88.28
 29.46, -88.26
 29.53, -88.18
 29.64, -88.1
 29.65, -88.09
 29.76, -88.04
 29.88, -88.02
 29.93, -88.06
 29.98, -88.2
 29.99, -88.33
 29.99, -88.47
 29.99, -88.61
 29.98, -88.75
 29.96, -88.9
 29.96, -88.93
 29.95, -89.04
 29.93, -89.18
 29.92, -89.32
 29.89, -89.46
 29.88, -89.5
 29.85, -89.61
 29.81, -89.75
 29.79, -89.8
 29.74, -89.89
 29.68, -90.03
 29.67, -90.04
 29.61, -90.19
 29.58, -90.26
 29.55, -90.33
 29.5, -90.47
 29.47, -90.54
 29.44, -90.62
 29.38, -90.76
 29.37, -90.79
 29.31, -90.9
 29.26, -91.0
 29.23, -91.05
 29.16, -91.19
 29.16, -91.21
 29.1, -91.34
 29.06, -91.48
 29.05, -91.51
 29.02, -91.62
 28.99, -91.76
 28.97, -91.9
 28.96, -91.95
 28.93, -92.04
 28.87, -92.18
 28.85, -92.24
 28.8, -92.32
 28.74, -92.44
 28.72, -92.46
 28.64, -92.6
 28.63, -92.63
 28.56, -92.75
 28.52, -92.83
 28.48, -92.89
 28.4, -93.0
 28.38, -93.03
 28.29, -93.12
 28.23, -93.17
 28.17, -93.22
 28.08, -93.32
 28.06, -93.34
 27.94, -93.46
 27.94, -93.46
 27.84, -93.6
 27.83, -93.63
 27.77, -93.74
 27.72, -93.86
 27.71, -93.88
 27.66, -94.02
 27.61, -94.15
 27.61, -94.16
 27.55, -94.29
 27.5, -94.41
 27.48, -94.43
 27.39, -94.57
 27.38, -94.59
 27.29, -94.71
 27.27, -94.74
 27.2, -94.84
 27.15, -94.92
 27.12, -94.98
 27.04, -95.11
 27.03, -95.12
 26.93, -95.25
 26.92, -95.27
 26.82, -95.39
 26.8, -95.42
 26.72, -95.53
 26.69, -95.58
 26.63, -95.66
 26.57, -95.77
 26.55, -95.8
 26.48, -95.93
 26.46, -95.97
 26.4, -96.07
 26.34, -96.2
 26.34, -96.2
 26.26, -96.34
 26.22, -96.39
 26.17, -96.47
 26.11, -96.55
 26.07, -96.6
 25.99, -96.71
 25.97, -96.74
 25.88, -96.87
 25.87, -96.88
 25.8, -97.0
 25.75, -97.06
 25.7, -97.14
 25.63, -97.2
 25.57, -97.27
 25.51, -97.33
 25.44, -97.4
 25.4, -97.45
 25.28, -97.53
End:

Color: 187 45 29 255
Line: 4, 0, "2000.0"
 24.95, -80.83
 24.88, -80.71
 24.95, -80.65
 25.05, -80.67
 25.0, -80.82
 24.98, -80.83
 24.95, -80.83
End:

Color: 187 45 29 255
Line: 5, 0, "3000.0"
 25.97, -87.58
 25.9, -87.46
 25.86, -87.33
 25.89, -87.19
 25.94, -87.09
 25.97, -87.05
 26.04, -86.96
 26.11, -86.9
 26.15, -86.83
 26.24, -86.74
 26.26, -86.72
 26.37, -86.68
 26.43, -86.72
 26.5, -86.74
 26.63, -86.79
 26.67, -86.82
 26.76, -86.89
 26.79, -86.94
 26.84, -87.07
 26.89, -87.2
 26.91, -87.25
 26.95, -87.33
 27.05, -87.43
 27.08, -87.44
 27.18, -87.51
 27.27, -87.56
 27.31, -87.61
 27.35, -87.68
 27.33, -87.78
 27.32, -87.82
 27.25, -87.96
 27.23, -88.03
 27.19, -88.11
 27.14, -88.25
 27.13, -88.28
 27.05, -88.39
 27.02, -88.42
 26.91, -88.46
 26.79, -88.48
 26.67, -88.53
 26.61, -88.58
 26.56, -88.65
 26.44, -88.61
 26.43, -88.59
 26.37, -88.47
 26.3, -88.34
 26.3, -88.34
 26.25, -88.21
 26.19, -88.09
 26.14, -87.97
 26.14, -87.96
 26.09, -87.83
 26.04, -87.7
 25.99, -87.62
 25.97, -87.58
End:

Color: 187 45 29 255
Line: 5, 0, "3000.0"
 26.65, -89.78
 26.61, -89.65
 26.58, -89.52
 26.56, -89.38
 26.56, -89.25
 26.57, -89.12
 26.59, -88.99
 26.71, -89.0
 26.84, -89.06
 26.89, -89.08
 26.96, -89.1
 27.08, -89.12
 27.2, -89.1
 27.32, -89.06
 27.44, -89.05
 27.56, -89.11
 27.6, -89.15
 27.69, -89.24
 27.71, -89.27
 27.79, -89.4
 27.83, -89.46
 27.88, -89.52
 27.96, -89.6
 28.07, -89.64
 28.09, -89.65
 28.21, -89.67
 28.33, -89.69
 28.45, -89.73
 28.47, -89.74
 28.56, -89.87
 28.56, -90.01
 28.48, -90.13
 28.47, -90.15
 28.37, -90.25
 28.33, -90.3
 28.26, -90.4
 28.23, -90.45
 28.19, -90.59
 28.18, -90.72
 28.17, -90.86
 28.17, -90.87
 28.14, -91.0
 28.09, -91.14
 28.07, -91.19
 27.99, -91.28
 27.96, -91.33
 27.84, -91.36
 27.8, -91.3
 27.75, -91.17
 27.71, -91.03
 27.7, -91.01
 27.65, -90.9
 27.57, -90.77
 27.56, -90.76
 27.44, -90.65
 27.44, -90.65
 27.31, -90.56
 27.27, -90.53
 27.18, -90.46
 27.13, -90.41
 27.05, -90.33
 27.01, -90.28
 26.93, -90.2
 26.89, -90.16
 26.79, -90.05
 26.78, -90.03
 26.71, -89.91
 26.66, -89.8
 26.65, -89.78
End:

