Title: Mixed-layer CIN (J/kg) Filled Contour 10Z HRRR | F01 Valid: 11Z Sun Apr 11 2021
RefreshSeconds: 60
Polygon:
 25.266531, -100.551663, 107, 234, 234, 90

 25.231503, -100.540539, 
 25.235064, -100.419177, 
 25.23806, -100.312396, 
 25.355713, -100.354005, 
 25.472834, -100.416403, 
 25.490741, -100.428169, 
 25.589238, -100.502862, 
 25.677843, -100.566812, 
 25.705656, -100.589126, 
 25.822471, -100.661557, 
 25.940354, -100.700801, 
 26.059292, -100.707355, 
 26.17976, -100.665812, 
 26.259549, -100.588456, 
 26.304138, -100.494783, 
 26.3191, -100.457624, 
 26.338536, -100.325234, 
 26.343927, -100.192328, 
 26.350789, -100.059457, 
 26.356141, -99.926524, 
 26.350983, -99.793287, 
 26.343239, -99.660003, 
 26.362238, -99.527406, 
 26.444056, -99.396197, 
 26.449669, -99.391464, 
 26.570244, -99.320207, 
 26.652173, -99.267442, 
 26.69101, -99.238935, 
 26.776244, -99.136357, 
 26.813912, -99.01771, 
 26.818348, -99.003377, 
 26.829813, -98.869753, 
 26.838481, -98.736052, 
 26.879466, -98.602759, 
 26.939571, -98.509372, 
 26.96896, -98.469909, 
 27.060512, -98.3488, 
 27.068972, -98.336877, 
 27.143644, -98.203305, 
 27.18188, -98.083503, 
 27.187379, -98.069274, 
 27.221149, -97.935049, 
 27.23438, -97.800638, 
 27.232688, -97.666154, 
 27.227504, -97.531675, 
 27.240626, -97.39719, 
 27.286071, -97.262567, 
 27.302743, -97.230696, 
 27.363894, -97.127647, 
 27.421599, -97.018617, 
 27.437692, -96.992494, 
 27.515214, -96.857067, 
 27.540088, -96.810655, 
 27.595372, -96.721355, 
 27.658243, -96.604828, 
 27.67046, -96.585432, 
 27.753192, -96.449158, 
 27.776146, -96.410862, 
 27.840372, -96.31254, 
 27.893847, -96.225475, 
 27.928189, -96.175616, 
 28.011526, -96.057817, 
 28.029554, -96.03815, 
 28.129934, -95.954409, 
 28.249069, -95.899333, 
 28.254412, -95.8979, 
 28.36869, -95.876195, 
 28.48812, -95.838631, 
 28.603667, -95.754185, 
 28.60679, -95.751194, 
 28.699518, -95.615159, 
 28.722864, -95.524511, 
 28.736532, -95.477275, 
 28.748753, -95.339923, 
 28.756403, -95.202656, 
 28.775459, -95.065013, 
 28.799755, -94.927132, 
 28.81816, -94.789362, 
 28.824697, -94.715679, 
 28.833726, -94.651622, 
 28.855246, -94.513601, 
 28.895863, -94.374759, 
 28.933214, -94.304145, 
 28.98672, -94.233733, 
 29.048994, -94.159364, 
 29.10278, -94.091313, 
 29.162893, -93.962198, 
 29.168032, -93.950722, 
 29.194904, -93.811656, 
 29.197511, -93.673646, 
 29.197226, -93.535761, 
 29.201615, -93.397629, 
 29.206815, -93.259431, 
 29.211678, -93.121223, 
 29.220933, -92.982743, 
 29.238671, -92.843728, 
 29.239588, -92.838923, 
 29.266687, -92.704024, 
 29.318396, -92.562755, 
 29.345384, -92.518467, 
 29.39755, -92.419552, 
 29.455357, -92.299687, 
 29.464831, -92.276831, 
 29.505529, -92.135638, 
 29.538781, -91.994805, 
 29.557496, -91.937966, 
 29.586164, -91.852842, 
 29.647612, -91.70968, 
 29.664239, -91.679824, 
 29.730639, -91.564678, 
 29.77456, -91.494483, 
 29.82254, -91.418685, 
 29.884741, -91.311043, 
 29.906893, -91.272933, 
 29.981434, -91.127644, 
 29.993314, -91.105166, 
 30.060084, -90.981729, 
 30.10168, -90.901607, 
 30.137341, -90.835629, 
 30.207561, -90.689836, 
 30.209041, -90.686972, 
 30.289607, -90.542726, 
 30.317473, -90.494741, 
 30.380415, -90.394512, 
 30.426646, -90.317469, 
 30.471153, -90.245949, 
 30.534734, -90.127719, 
 30.55186, -90.097969, 
 30.631813, -89.949741, 
 30.642167, -89.93264, 
 30.73071, -89.799345, 
 30.751605, -89.769382, 
 30.831044, -89.648412, 
 30.859675, -89.590192, 
 30.901673, -89.500093, 
 30.941195, -89.354711, 
 30.956694, -89.26905, 
 30.970716, -89.210216, 
 30.998525, -89.065772, 
 31.022666, -88.92161, 
 31.041455, -88.80647, 
 31.047763, -88.777234, 
 31.07316, -88.632705, 
 31.091663, -88.488855, 
 31.113241, -88.34456, 
 31.121421, -88.310148, 
 31.153414, -88.197954, 
 31.197802, -88.050672, 
 31.214884, -87.989124, 
 31.241186, -87.903321, 
 31.279041, -87.756471, 
 31.30779, -87.671477, 
 31.334248, -87.607264, 
 31.410142, -87.463214, 
 31.4153, -87.454508, 
 31.51318, -87.29921, 
 31.51594, -87.294824, 
 31.608204, -87.143875, 
 31.62099, -87.120848, 
 31.693603, -86.989432, 
 31.724043, -86.928671, 
 31.77605, -86.83503, 
 31.827595, -86.744117, 
 31.8773, -86.67766, 
 31.935813, -86.608116, 
 32.050319, -86.534903, 
 32.169434, -86.507024, 
 32.28942, -86.487481, 
 32.320659, -86.471311, 
 32.402925, -86.404271, 
 32.442227, -86.30936, 
 32.446114, -86.164158, 
 32.438236, -86.020661, 
 32.445994, -85.874815, 
 32.460187, -85.787644, 
 32.475478, -85.725597, 
 32.500389, -85.576939, 
 32.474726, -85.436064, 
 32.411763, -85.347552, 
 32.365564, -85.308439, 
 32.273439, -85.204652, 
 32.223032, -85.186463, 
 32.261155, -85.097109, 
 32.264448, -85.035345, 
 32.312652, -84.882915, 
 32.338279, -84.734005, 
 32.339514, -84.719724, 
 32.350531, -84.587189, 
 32.376441, -84.437985, 
 32.416858, -84.34416, 
 32.455665, -84.279517, 
 32.522214, -84.204435, 
 32.602804, -84.108886, 
 32.629325, -84.079711, 
 32.727918, -83.941454, 
 32.733683, -83.933578, 
 32.834685, -83.776718, 
 32.836268, -83.774453, 
 32.941435, -83.636961, 
 32.971838, -83.605971, 
 33.050968, -83.534295, 
 33.164163, -83.460245, 
 33.242877, -83.409919, 
 33.277483, -83.387154, 
 33.388423, -83.295907, 
 33.460681, -83.222423, 
 33.496272, -83.181032, 
 33.604733, -83.071268, 
 33.645033, -83.040182, 
 33.716017, -82.983307, 
 33.82846, -82.904153, 
 33.894718, -82.844384, 
 33.935949, -82.787974, 
 33.982783, -82.678976, 
 33.961469, -82.534802, 
 33.88853, -82.43778, 
 33.858381, -82.406987, 
 33.754138, -82.355476, 
 33.629482, -82.343834, 
 33.508707, -82.360114, 
 33.386714, -82.367372, 
 33.342698, -82.36188, 
 33.261843, -82.353794, 
 33.137283, -82.342374, 
 33.0159, -82.353555, 
 32.897078, -82.382924, 
 32.77994, -82.424184, 
 32.66601, -82.488301, 
 32.655806, -82.497203, 
 32.556329, -82.583401, 
 32.468494, -82.679207, 
 32.449423, -82.698691, 
 32.335714, -82.764671, 
 32.211166, -82.750916, 
 32.187553, -82.733112, 
 32.073875, -82.610079, 
 32.068074, -82.602393, 
 31.979407, -82.483645, 
 31.913312, -82.372546, 
 31.898104, -82.354929, 
 31.901343, -82.287862, 
 31.900205, -82.209993, 
 31.941802, -82.057125, 
 31.967032, -81.907365, 
 31.966046, -81.883212, 
 31.9625, -81.763516, 
 31.93744, -81.687746, 
 31.918557, -81.62774, 
 31.829468, -81.501412, 
 31.78088, -81.460651, 
 31.650726, -81.393997, 
 31.647851, -81.392687, 
 31.518823, -81.351737, 
 31.390673, -81.316335, 
 31.367559, -81.308817, 
 31.259824, -81.263391, 
 31.132979, -81.236549, 
 31.015182, -81.268836, 
 30.913682, -81.402804, 
 30.91307, -81.403894, 
 30.852446, -81.558223, 
 30.823168, -81.621204, 
 30.750196, -81.72163, 
 30.720148, -81.752095, 
 30.611832, -81.847785, 
 30.571966, -81.899685, 
 30.514119, -82.015846, 
 30.500407, -82.055956, 
 30.479213, -82.202098, 
 30.476715, -82.344524, 
 30.476412, -82.486487, 
 30.470901, -82.566406, 
 30.463162, -82.630858, 
 30.426101, -82.779596, 
 30.390239, -82.863853, 
 30.353091, -82.934812, 
 30.290864, -83.029289, 
 30.235146, -83.097913, 
 30.186573, -83.15978, 
 30.077602, -83.256101, 
 29.977158, -83.285704, 
 29.960475, -83.29203, 
 29.956106, -83.289489, 
 29.832339, -83.24635, 
 29.751644, -83.185716, 
 29.696429, -83.143471, 
 29.62484, -83.068368, 
 29.555135, -82.940917, 
 29.536301, -82.866656, 
 29.522615, -82.80678, 
 29.500906, -82.670701, 
 29.472882, -82.535852, 
 29.430017, -82.403884, 
 29.379615, -82.273474, 
 29.351259, -82.138939, 
 29.355574, -81.998094, 
 29.362321, -81.856722, 
 29.357428, -81.717602, 
 29.350504, -81.592454, 
 29.349983, -81.578973, 
 29.34897, -81.439027, 
 29.343267, -81.300006, 
 29.322897, -81.163987, 
 29.283655, -81.031918, 
 29.251794, -80.957121, 
 29.231392, -80.902665, 
 29.181777, -80.772984, 
 29.140869, -80.641589, 
 29.116334, -80.506795, 
 29.109435, -80.368247, 
 29.111887, -80.227654, 
 29.097385, -80.090725, 
 28.971517, -79.990925, 
 28.955147, -79.981971, 
 28.842032, -79.948961, 
 28.715317, -79.923151, 
 28.605353, -79.91941, 
 28.592305, -79.918955, 
 28.472797, -79.935251, 
 28.35471, -79.959607, 
 28.235766, -79.978653, 
 28.115825, -79.991554, 
 27.996068, -80.005251, 
 27.877145, -80.023554, 
 27.758694, -80.04434, 
 27.639957, -80.063154, 
 27.520411, -80.076903, 
 27.399912, -80.084734, 
 27.278593, -80.087426, 
 27.198648, -80.087626, 
 27.156471, -80.085154, 
 27.033704, -80.078913, 
 26.91013, -80.067615, 
 26.784789, -80.045638, 
 26.771597, -80.042997, 
 26.653657, -79.989969, 
 26.552184, -79.954255, 
 26.517057, -79.902615, 
 26.435262, -79.843798, 
 26.495035, -79.77594, 
 26.528541, -79.6877, 
 26.589563, -79.621645, 
 26.641548, -79.526837, 
 26.685114, -79.47389, 
 26.753576, -79.365706, 
 26.781592, -79.331977, 
 26.880425, -79.20371, 
 26.883295, -79.200098, 
 26.98298, -79.096617, 
 27.049845, -79.025493, 
 27.085767, -78.9908, 
 27.186779, -78.875419, 
 27.203035, -78.853227, 
 27.285173, -78.746085, 
 27.327894, -78.686871, 
 27.38345, -78.616467, 
 27.466968, -78.516612, 
 27.483485, -78.496632, 
 27.581977, -78.368884, 
 27.595044, -78.348338, 
 27.652513, -78.196461, 
 27.659407, -78.129912, 
 27.667294, -78.054661, 
 27.664353, -77.917083, 
 27.65085, -77.782069, 
 27.624132, -77.650325, 
 27.577109, -77.52368, 
 27.521325, -77.41414, 
 27.513833, -77.401217, 
 27.471132, -77.273721, 
 27.483799, -77.22435, 
 27.51919, -77.123311, 
 27.571723, -77.050138, 
 27.633602, -76.955684, 
 27.663393, -76.895436, 
 27.706751, -76.798194, 
 27.720504, -76.655841, 
 27.675838, -76.528686, 
 27.57151, -76.445049, 
 27.529551, -76.428369, 
 27.442043, -76.413206, 
 27.316547, -76.400393, 
 27.18985, -76.381492, 
 27.185525, -76.380446, 
 27.062003, -76.35709, 
 26.934063, -76.331944, 
 26.89075, -76.320074, 
 26.804385, -76.298418, 
 26.671015, -76.247096, 
 26.662402, -76.242748, 
 26.531516, -76.166845, 
 26.499361, -76.148644, 
 26.390827, -76.081216, 
 26.336743, -76.054804, 
 26.251775, -76.003555, 
 26.179228, -75.959981, 
 26.097166, -75.845404, 
 26.105928, -75.706626, 
 26.16487, -75.600311, 
 26.19652, -75.54562, 
 26.259419, -75.471636, 
 26.344653, -75.36847, 
 26.356561, -75.354971, 
 26.456642, -75.251931, 
 26.547736, -75.175424, 
 26.560382, -75.165326, 
 26.671723, -75.11304, 
 26.789585, -75.089867, 
 26.864388, -75.087535, 
 26.912524, -75.089352, 
 27.037525, -75.098002, 
 27.158406, -75.08774, 
 27.271448, -75.041783, 
 27.37899, -74.970757, 
 27.462806, -74.919785, 
 27.487925, -74.905854, 
 27.603061, -74.868711, 
 27.656274, -74.865074, 
 27.725199, -74.862826, 
 27.85351, -74.884586, 
 27.97757, -74.913635, 
 27.983953, -74.915692, 
 28.114776, -74.948612, 
 28.238629, -74.949663, 
 28.356073, -74.921425, 
 28.469741, -74.875858, 
 28.582173, -74.824483, 
 28.695123, -74.775238, 
 28.809422, -74.731892, 
 28.924893, -74.69363, 
 29.040574, -74.656097, 
 29.155286, -74.613977, 
 29.268198, -74.563522, 
 29.356521, -74.516417, 
 29.378947, -74.503149, 
 29.487183, -74.431451, 
 29.596463, -74.364248, 
 29.70859, -74.309615, 
 29.822592, -74.263185, 
 29.936575, -74.216476, 
 30.025954, -74.175228, 
 30.048934, -74.162343, 
 30.157693, -74.092118, 
 30.265193, -74.016129, 
 30.371995, -73.936871, 
 30.395136, -73.919766, 
 30.359438, -73.881411, 
 30.297899, -73.804843, 
 30.218458, -73.809626, 
 30.096077, -73.819729, 
 29.976077, -73.840072, 
 29.860335, -73.8789, 
 29.74885, -73.936231, 
 29.638538, -73.998534, 
 29.5953, -74.017332, 
 29.527313, -74.05675, 
 29.447201, -74.06168, 
 29.405803, -74.069316, 
 29.278581, -74.056635, 
 29.155938, -74.006173, 
 29.141831, -74.001817, 
 29.005054, -73.947096, 
 28.952281, -73.924919, 
 28.870033, -73.90007, 
 28.740304, -73.876013, 
 28.654683, -73.872231, 
 28.615316, -73.872401, 
 28.495436, -73.890832, 
 28.378321, -73.921007, 
 28.262617, -73.957075, 
 28.147674, -73.996222, 
 28.033405, -74.03807, 
 27.919811, -74.082634, 
 27.846974, -74.111657, 
 27.806783, -74.129469, 
 27.692993, -74.172802, 
 27.574943, -74.197285, 
 27.556697, -74.196654, 
 27.452573, -74.202767, 
 27.327485, -74.196202, 
 27.202944, -74.191744, 
 27.080699, -74.197011, 
 27.077758, -74.197084, 
 26.95959, -74.207102, 
 26.835422, -74.203681, 
 26.70642, -74.179037, 
 26.686224, -74.172403, 
 26.574721, -74.14275, 
 26.443258, -74.107242, 
 26.439019, -74.106302, 
 26.31486, -74.084966, 
 26.190458, -74.079541, 
 26.069573, -74.088931, 
 25.952841, -74.115879, 
 25.840249, -74.160358, 
 25.728993, -74.210342, 
 25.615404, -74.25005, 
 25.498546, -74.275445, 
 25.379612, -74.291637, 
 25.293492, -74.29899, 
 25.259118, -74.300876, 
 25.136802, -74.302122, 
 25.013325, -74.298096, 
 24.889577, -74.292605, 
 24.835353, -74.293997, 
 24.768035, -74.296368, 
 24.649727, -74.313715, 
 24.532767, -74.336542, 
 24.415871, -74.359358, 
 24.298502, -74.379875, 
 24.180663, -74.398095, 
 24.066325, -74.431013, 
 24.006883, -74.527167, 
 24.037744, -74.652065, 
 24.067246, -74.777389, 
 24.046972, -74.874168, 
 24.021361, -74.923437, 
 23.956831, -75.012733, 
 23.930838, -75.08141, 
 23.923197, -75.216614, 
 23.922924, -75.349772, 
 23.917819, -75.378606, 
 23.876127, -75.495277, 
 23.836154, -75.557414, 
 23.727598, -75.615594, 
 23.610062, -75.633045, 
 23.493807, -75.655965, 
 23.383553, -75.705661, 
 23.277558, -75.77431, 
 23.249388, -75.79315, 
 23.189691, -75.925266, 
 23.182475, -75.942353, 
 23.196027, -75.954152, 
 23.267433, -76.052081, 
 23.358298, -76.143096, 
 23.371164, -76.15719, 
 23.468496, -76.26417, 
 23.519218, -76.327661, 
 23.559227, -76.373065, 
 23.634996, -76.485968, 
 23.672197, -76.60878, 
 23.665145, -76.74275, 
 23.636054, -76.879372, 
 23.635336, -76.882325, 
 23.58621, -77.026507, 
 23.562473, -77.107614, 
 23.534027, -77.171228, 
 23.489567, -77.313851, 
 23.48719, -77.329396, 
 23.456872, -77.453427, 
 23.461578, -77.583896, 
 23.494366, -77.707653, 
 23.54661, -77.826865, 
 23.609715, -77.938954, 
 23.611791, -77.943154, 
 23.667648, -78.061767, 
 23.711355, -78.183338, 
 23.72628, -78.311658, 
 23.702979, -78.416885, 
 23.677997, -78.454485, 
 23.603338, -78.525761, 
 23.492607, -78.576668, 
 23.47798, -78.500249, 
 23.453737, -78.374474, 
 23.429339, -78.248772, 
 23.404786, -78.123142, 
 23.380078, -77.997586, 
 23.355216, -77.872103, 
 23.3302, -77.746695, 
 23.305029, -77.621361, 
 23.279705, -77.496101, 
 23.254226, -77.370917, 
 23.228595, -77.245809, 
 23.20281, -77.120776, 
 23.176872, -76.995821, 
 23.150781, -76.870941, 
 23.124537, -76.746139, 
 23.098141, -76.621415, 
 23.071592, -76.496769, 
 23.044892, -76.372201, 
 23.018039, -76.247711, 
 22.991035, -76.123301, 
 22.963879, -75.998971, 
 22.936572, -75.87472, 
 22.909114, -75.750549, 
 22.881505, -75.626459, 
 22.853746, -75.502451, 
 22.825836, -75.378523, 
 22.797776, -75.254677, 
 22.769565, -75.130914, 
 22.741205, -75.007232, 
 22.712696, -74.883634, 
 22.684037, -74.760119, 
 22.655229, -74.636687, 
 22.626272, -74.513339, 
 22.597166, -74.390076, 
 22.567912, -74.266897, 
 22.53851, -74.143803, 
 22.652187, -74.111847, 
 22.765912, -74.079804, 
 22.879683, -74.047676, 
 22.993502, -74.015461, 
 23.107368, -73.98316, 
 23.22128, -73.950772, 
 23.335237, -73.918296, 
 23.44924, -73.885733, 
 23.563288, -73.853081, 
 23.67738, -73.820341, 
 23.783998, -73.789675, 
 23.792958, -73.793508, 
 23.931415, -73.861514, 
 23.953413, -73.874482, 
 24.065859, -73.912837, 
 24.152449, -73.951154, 
 24.20089, -73.966515, 
 24.331629, -74.00215, 
 24.396104, -74.01545, 
 24.457865, -74.01866, 
 24.578951, -74.013302, 
 24.699277, -74.004446, 
 24.821868, -74.00484, 
 24.875364, -74.012594, 
 24.946568, -74.013941, 
 25.072703, -74.02894, 
 25.200407, -74.054426, 
 25.2014, -74.054469, 
 25.322473, -74.047588, 
 25.441051, -74.029811, 
 25.556413, -73.998095, 
 25.668593, -73.952605, 
 25.779896, -73.903154, 
 25.893067, -73.861393, 
 26.009296, -73.832363, 
 26.12863, -73.816243, 
 26.251231, -73.813704, 
 26.378697, -73.831489, 
 26.41027, -73.83942, 
 26.506402, -73.850213, 
 26.636946, -73.880818, 
 26.690997, -73.894903, 
 26.765666, -73.903535, 
 26.889567, -73.90551, 
 27.010175, -73.893131, 
 27.12968, -73.875784, 
 27.249452, -73.869081, 
 27.251666, -73.868784, 
 27.373304, -73.860193, 
 27.495592, -73.854136, 
 27.615841, -73.839076, 
 27.733085, -73.810877, 
 27.848507, -73.774632, 
 27.963445, -73.736089, 
 28.078511, -73.697875, 
 28.193886, -73.660765, 
 28.309762, -73.625581, 
 28.426683, -73.594649, 
 28.545769, -73.57275, 
 28.668898, -73.567907, 
 28.708726, -73.572764, 
 28.794378, -73.573017, 
 28.923636, -73.594205, 
 29.009281, -73.623541, 
 29.057648, -73.635708, 
 29.191301, -73.675697, 
 29.257424, -73.690674, 
 29.320484, -73.69626, 
 29.439771, -73.673802, 
 29.552775, -73.623858, 
 29.663435, -73.566958, 
 29.664121, -73.566523, 
 29.77479, -73.506221, 
 29.888957, -73.460815, 
 30.005407, -73.425048, 
 30.122983, -73.393928, 
 30.24098, -73.364426, 
 30.35908, -73.335168, 
 30.477007, -73.304966, 
 30.594087, -73.270932, 
 30.708984, -73.227327, 
 30.820514, -73.169075, 
 30.929522, -73.099825, 
 31.038526, -73.030402, 
 31.148831, -72.966399, 
 31.183167, -72.946778, 
 31.257761, -72.896489, 
 31.365305, -72.820569, 
 31.472279, -72.742073, 
 31.565482, -72.676852, 
 31.579642, -72.665127, 
 31.688496, -72.594543, 
 31.802476, -72.545492, 
 31.92057, -72.513671, 
 32.040909, -72.491167, 
 32.160945, -72.467209, 
 32.278767, -72.433721, 
 32.394474, -72.39114, 
 32.510084, -72.347988, 
 32.628235, -72.315405, 
 32.685802, -72.308296, 
 32.750594, -72.300485, 
 32.875447, -72.296048, 
 32.999153, -72.28657, 
 33.119936, -72.264522, 
 33.239245, -72.236068, 
 33.359169, -72.210061, 
 33.480362, -72.18928, 
 33.494311, -72.187066, 
 33.601706, -72.169081, 
 33.721986, -72.144209, 
 33.840661, -72.112351, 
 33.9596, -72.081474, 
 34.082707, -72.068192, 
 34.212082, -72.081436, 
 34.238775, -72.085497, 
 34.35124, -72.136651, 
 34.440646, -72.169248, 
 34.464198, -72.314292, 
 34.411813, -72.397627, 
 34.33561, -72.510761, 
 34.316076, -72.529577, 
 34.210015, -72.616882, 
 34.099749, -72.685716, 
 33.986302, -72.740537, 
 33.870447, -72.784703, 
 33.752458, -72.819407, 
 33.632355, -72.844722, 
 33.510329, -72.861475, 
 33.386842, -72.87168, 
 33.262548, -72.878184, 
 33.221637, -72.880948, 
 33.138779, -72.886946, 
 33.016818, -72.903463, 
 32.896836, -72.928428, 
 32.778607, -72.960855, 
 32.662342, -73.001677, 
 32.549217, -73.056017, 
 32.440882, -73.131076, 
 32.435869, -73.135836, 
 32.338332, -73.231589, 
 32.238382, -73.343402, 
 32.233932, -73.348805, 
 32.140399, -73.464236, 
 32.06925, -73.548855, 
 32.042438, -73.585247, 
 31.947469, -73.719818, 
 31.934968, -73.738521, 
 31.860934, -73.892592, 
 31.852648, -73.91142, 
 31.799336, -74.074994, 
 31.784735, -74.112958, 
 31.730086, -74.24311, 
 31.699315, -74.292755, 
 31.600718, -74.412941, 
 31.572871, -74.437313, 
 31.494689, -74.499262, 
 31.383613, -74.562301, 
 31.269246, -74.61002, 
 31.152988, -74.648848, 
 31.036072, -74.684462, 
 30.919389, -74.720962, 
 30.803183, -74.759473, 
 30.686881, -74.79735, 
 30.569504, -74.830071, 
 30.450729, -74.856146, 
 30.331702, -74.880849, 
 30.214289, -74.912804, 
 30.099322, -74.955857, 
 29.986131, -75.006924, 
 29.873562, -75.060676, 
 29.766432, -75.111432, 
 29.761016, -75.114353, 
 29.650383, -75.176869, 
 29.540969, -75.244884, 
 29.434496, -75.326422, 
 29.404251, -75.356787, 
 29.337008, -75.450153, 
 29.293845, -75.52983, 
 29.252321, -75.634591, 
 29.231856, -75.688941, 
 29.171557, -75.838743, 
 29.166652, -75.848628, 
 29.079735, -75.991188, 
 29.060262, -76.019189, 
 28.983791, -76.124316, 
 28.942178, -76.192384, 
 28.894743, -76.291319, 
 28.875861, -76.351192, 
 28.853893, -76.497922, 
 28.843506, -76.641479, 
 28.843236, -76.644046, 
 28.830745, -76.785551, 
 28.794654, -76.93559, 
 28.784924, -76.968153, 
 28.737834, -77.090761, 
 28.703134, -77.177186, 
 28.666551, -77.24935, 
 28.615484, -77.357736, 
 28.588426, -77.409332, 
 28.526267, -77.531292, 
 28.508745, -77.569338, 
 28.440869, -77.725657, 
 28.440738, -77.726079, 
 28.397344, -77.876432, 
 28.364776, -77.970616, 
 28.351478, -78.027188, 
 28.29554, -78.180158, 
 28.28517, -78.199154, 
 28.229401, -78.335304, 
 28.197429, -78.386082, 
 28.135658, -78.49671, 
 28.103302, -78.539559, 
 28.004063, -78.66576, 
 28.003208, -78.666799, 
 27.903031, -78.78269, 
 27.844496, -78.842373, 
 27.800662, -78.892388, 
 27.699898, -79.011084, 
 27.697347, -79.01457, 
 27.605458, -79.165484, 
 27.600165, -79.174717, 
 27.526573, -79.329114, 
 27.518105, -79.360682, 
 27.486477, -79.475694, 
 27.529162, -79.603725, 
 27.563988, -79.621758, 
 27.693143, -79.66282, 
 27.809447, -79.679324, 
 27.818017, -79.678975, 
 27.938437, -79.669355, 
 28.058273, -79.656066, 
 28.176872, -79.635333, 
 28.293487, -79.602855, 
 28.408791, -79.562534, 
 28.524703, -79.525463, 
 28.642931, -79.501501, 
 28.764043, -79.493914, 
 28.885708, -79.489234, 
 29.001922, -79.452849, 
 29.086291, -79.392222, 
 29.110378, -79.371611, 
 29.213629, -79.260724, 
 29.263764, -79.211024, 
 29.317348, -79.152668, 
 29.422806, -79.05456, 
 29.461521, -79.024235, 
 29.528932, -78.960405, 
 29.638132, -78.883482, 
 29.750744, -78.82552, 
 29.793998, -78.804542, 
 29.862141, -78.760726, 
 29.967994, -78.664917, 
 30.003387, -78.612597, 
 30.062977, -78.509058, 
 30.097328, -78.447644, 
 30.158076, -78.354596, 
 30.248488, -78.268212, 
 30.26292, -78.253853, 
 30.37289, -78.181269, 
 30.487643, -78.134486, 
 30.604036, -78.096407, 
 30.719829, -78.054855, 
 30.833772, -78.003053, 
 30.914581, -77.959434, 
 30.945474, -77.93898, 
 31.055655, -77.866699, 
 31.16763, -77.803893, 
 31.281795, -77.752693, 
 31.398181, -77.713245, 
 31.516744, -77.685314, 
 31.637728, -77.670193, 
 31.761921, -77.672119, 
 31.890059, -77.695025, 
 31.926729, -77.702032, 
 32.017103, -77.712071, 
 32.137422, -77.692631, 
 32.24875, -77.624365, 
 32.255925, -77.616954, 
 32.35086, -77.506711, 
 32.418746, -77.427648, 
 32.452048, -77.38427, 
 32.554997, -77.271507, 
 32.602124, -77.232017, 
 32.660807, -77.17414, 
 32.769807, -77.093669, 
 32.881994, -77.029884, 
 32.995731, -76.97871, 
 32.996519, -76.978284, 
 33.113177, -76.937842, 
 33.176606, -76.929692, 
 33.234259, -76.920453, 
 33.358441, -76.919303, 
 33.484449, -76.927608, 
 33.608508, -76.925456, 
 33.72723, -76.895008, 
 33.839709, -76.831509, 
 33.945693, -76.733661, 
 33.959273, -76.715045, 
 34.042787, -76.589606, 
 34.078361, -76.531507, 
 34.138578, -76.439276, 
 34.213446, -76.342797, 
 34.238491, -76.310746, 
 34.344446, -76.21374, 
 34.457315, -76.1522, 
 34.573576, -76.107984, 
 34.690079, -76.064884, 
 34.767184, -76.032914, 
 34.805502, -76.016136, 
 34.920742, -75.966397, 
 35.039008, -75.931974, 
 35.056433, -75.926284, 
 35.043098, -75.952846, 
 35.071211, -76.097361, 
 35.09914, -76.241985, 
 35.126883, -76.386715, 
 35.154441, -76.531551, 
 35.181813, -76.676494, 
 35.208999, -76.821541, 
 35.225696, -76.911305, 
 35.203668, -76.975659, 
 35.198181, -77.129748, 
 35.252277, -77.267471, 
 35.300071, -77.315797, 
 35.31588, -77.40277, 
 35.342132, -77.548334, 
 35.368198, -77.694, 
 35.394076, -77.839766, 
 35.419767, -77.985633, 
 35.564226, -78.100361, 
 35.708587, -78.215532, 
 35.827594, -78.184317, 
 35.946603, -78.153003, 
 36.065615, -78.121588, 
 36.21001, -78.237579, 
 36.329067, -78.206188, 
 36.448125, -78.174697, 
 36.473402, -78.322757, 
 36.498487, -78.470917, 
 36.583013, -78.539764, 
 36.586387, -78.602839, 
 36.608942, -78.751878, 
 36.644302, -78.89769, 
 36.68772, -79.041554, 
 36.732112, -79.185299, 
 36.754948, -79.273708, 
 36.771459, -79.330427, 
 36.795201, -79.47953, 
 36.795151, -79.525608, 
 36.79689, -79.634094, 
 36.770599, -79.795416, 
 36.730815, -79.906654, 
 36.698074, -79.967702, 
 36.632063, -80.070037, 
 36.521976, -80.160162, 
 36.4736, -80.175653, 
 36.404209, -80.200356, 
 36.380791, -80.197614, 
 36.277951, -80.185106, 
 36.260598, -80.072303, 
 36.237592, -79.924097, 
 36.214394, -79.775982, 
 36.191005, -79.627961, 
 36.167424, -79.480033, 
 36.143651, -79.332199, 
 36.119687, -79.18446, 
 36.095532, -79.036817, 
 36.071187, -78.88927, 
 35.927472, -78.772236, 
 35.808297, -78.802554, 
 35.689125, -78.832776, 
 35.569956, -78.862902, 
 35.450793, -78.892932, 
 35.435363, -78.896808, 
 35.440988, -78.834458, 
 35.464492, -78.736994, 
 35.509676, -78.572897, 
 35.515245, -78.538401, 
 35.544293, -78.41126, 
 35.51979, -78.264839, 
 35.454451, -78.184577, 
 35.423498, -78.137299, 
 35.307167, -78.053109, 
 35.271334, -78.024755, 
 35.168618, -77.972512, 
 35.052259, -77.930309, 
 35.035924, -77.925357, 
 34.90999, -77.916702, 
 34.790854, -77.946228, 
 34.677478, -78.008096, 
 34.636563, -78.039338, 
 34.570432, -78.105919, 
 34.496298, -78.226629, 
 34.468657, -78.233762, 
 34.349801, -78.264342, 
 34.230955, -78.294826, 
 34.112117, -78.325215, 
 33.99329, -78.35551, 
 33.920566, -78.373994, 
 33.992314, -78.349956, 
 34.107774, -78.300497, 
 34.216625, -78.2133, 
 34.271883, -78.13403, 
 34.293283, -77.978114, 
 34.293294, -77.944581, 
 34.293567, -77.827588, 
 34.273283, -77.682456, 
 34.224273, -77.561296, 
 34.217964, -77.546696, 
 34.078351, -77.433654, 
 34.07643, -77.432916, 
 33.950074, -77.422316, 
 33.830007, -77.445706, 
 33.71214, -77.480891, 
 33.593498, -77.511708, 
 33.472281, -77.528373, 
 33.348566, -77.531283, 
 33.224337, -77.531223, 
 33.106983, -77.542059, 
 33.102233, -77.542542, 
 33.060651, -77.554229, 
 32.984208, -77.57586, 
 32.87144, -77.637631, 
 32.76399, -77.728196, 
 32.700449, -77.79585, 
 32.661227, -77.844416, 
 32.559967, -77.969137, 
 32.549142, -77.981943, 
 32.457348, -78.08686, 
 32.359425, -78.176929, 
 32.351035, -78.184121, 
 32.239962, -78.255158, 
 32.123046, -78.293428, 
 31.999938, -78.296939, 
 31.930611, -78.284529, 
 31.871882, -78.272813, 
 31.743276, -78.245626, 
 31.618621, -78.240114, 
 31.498832, -78.261366, 
 31.382197, -78.29991, 
 31.266692, -78.344521, 
 31.15131, -78.389617, 
 31.035829, -78.433964, 
 30.919953, -78.475916, 
 30.803167, -78.512604, 
 30.685873, -78.546256, 
 30.570842, -78.592271, 
 30.520788, -78.630586, 
 30.476815, -78.755758, 
 30.471231, -78.785507, 
 30.48448, -78.798842, 
 30.619306, -78.893215, 
 30.624547, -78.894109, 
 30.753902, -78.929073, 
 30.854038, -78.980737, 
 30.888448, -78.993459, 
 31.027038, -79.081313, 
 31.028867, -79.082994, 
 31.166201, -79.194526, 
 31.170496, -79.197932, 
 31.295294, -79.308358, 
 31.315659, -79.32548, 
 31.426377, -79.422082, 
 31.460195, -79.450413, 
 31.558601, -79.535903, 
 31.604499, -79.575021, 
 31.689436, -79.650409, 
 31.749065, -79.702265, 
 31.8245, -79.764308, 
 31.891253, -79.81622, 
 31.992212, -79.871122, 
 32.026722, -79.890069, 
 32.15658, -79.930036, 
 32.266942, -79.953993, 
 32.284657, -79.958966, 
 32.413985, -79.995769, 
 32.540789, -80.016817, 
 32.61957, -80.019698, 
 32.665317, -80.023766, 
 32.791641, -80.041814, 
 32.921653, -80.097587, 
 32.924291, -80.098873, 
 33.055662, -80.148423, 
 33.18007, -80.154242, 
 33.300988, -80.138053, 
 33.304144, -80.157774, 
 33.326777, -80.300406, 
 33.349225, -80.443122, 
 33.371489, -80.585921, 
 33.379198, -80.635808, 
 33.327002, -80.595808, 
 33.243451, -80.556249, 
 33.113376, -80.513302, 
 33.082697, -80.502733, 
 32.985846, -80.486791, 
 32.854279, -80.434515, 
 32.816362, -80.415172, 
 32.72214, -80.378862, 
 32.592648, -80.339909, 
 32.542582, -80.329888, 
 32.466831, -80.324124, 
 32.342972, -80.320545, 
 32.220845, -80.327602, 
 32.097048, -80.323982, 
 32.041384, -80.296101, 
 31.962861, -80.255519, 
 31.895442, -80.183521, 
 31.815829, -80.108082, 
 31.776537, -80.065249, 
 31.667473, -79.954003, 
 31.659501, -79.946894, 
 31.530668, -79.831553, 
 31.522935, -79.824678, 
 31.394205, -79.718318, 
 31.380025, -79.706256, 
 31.258739, -79.605227, 
 31.236745, -79.586587, 
 31.122886, -79.492597, 
 31.09365, -79.468961, 
 30.974259, -79.383311, 
 30.9537, -79.370566, 
 30.82191, -79.320299, 
 30.696475, -79.3068, 
 30.585941, -79.379934, 
 30.527204, -79.48674, 
 30.492082, -79.550565, 
 30.443569, -79.648607, 
 30.397942, -79.720618, 
 30.29491, -79.824745, 
 30.292954, -79.826872, 
 30.183708, -79.90811, 
 30.068353, -79.952576, 
 29.950988, -79.984774, 
 29.834917, -80.024488, 
 29.721462, -80.079627, 
 29.684234, -80.102436, 
 29.612822, -80.163755, 
 29.506395, -80.261167, 
 29.483378, -80.287307, 
 29.408082, -80.408273, 
 29.39244, -80.44759, 
 29.372066, -80.592427, 
 29.394618, -80.728076, 
 29.439308, -80.859121, 
 29.482139, -80.990668, 
 29.514549, -81.124476, 
 29.536228, -81.260555, 
 29.549642, -81.398349, 
 29.560655, -81.536636, 
 29.575714, -81.674119, 
 29.592512, -81.811274, 
 29.603923, -81.949508, 
 29.613867, -82.088031, 
 29.638528, -82.223719, 
 29.676885, -82.356841, 
 29.715721, -82.489971, 
 29.738102, -82.567278, 
 29.761939, -82.621809, 
 29.829709, -82.749751, 
 29.897635, -82.833699, 
 29.975088, -82.863533, 
 30.024651, -82.869322, 
 30.062978, -82.847244, 
 30.135974, -82.791988, 
 30.194924, -82.681414, 
 30.229938, -82.591095, 
 30.239906, -82.531528, 
 30.25053, -82.388019, 
 30.258664, -82.244921, 
 30.276217, -82.099919, 
 30.279475, -82.084644, 
 30.293299, -81.954898, 
 30.350725, -81.801736, 
 30.358105, -81.787931, 
 30.459596, -81.647699, 
 30.473945, -81.635023, 
 30.565344, -81.536483, 
 30.625542, -81.461941, 
 30.66519, -81.38661, 
 30.69163, -81.305849, 
 30.753003, -81.159233, 
 30.758117, -81.149372, 
 30.837725, -80.989809, 
 30.821381, -80.850338, 
 30.723672, -80.728336, 
 30.667356, -80.613394, 
 30.659896, -80.599299, 
 30.635049, -80.461963, 
 30.639051, -80.437043, 
 30.651899, -80.31552, 
 30.719461, -80.175939, 
 30.735771, -80.154116, 
 30.822636, -80.05577, 
 30.935547, -79.994684, 
 31.055012, -79.973169, 
 31.183363, -80.005337, 
 31.236072, -80.042442, 
 31.326406, -80.166228, 
 31.342874, -80.228464, 
 31.364847, -80.30176, 
 31.361756, -80.345283, 
 31.361289, -80.44661, 
 31.314745, -80.600752, 
 31.288437, -80.656445, 
 31.21739, -80.765597, 
 31.20255, -80.891908, 
 31.198413, -80.913312, 
 31.206403, -80.916564, 
 31.339751, -81.027015, 
 31.346876, -81.030178, 
 31.478459, -81.086901, 
 31.563318, -81.123767, 
 31.608491, -81.133443, 
 31.736712, -81.168319, 
 31.820381, -81.214034, 
 31.8706, -81.240393, 
 31.974946, -81.326391, 
 32.014017, -81.376226, 
 32.074757, -81.450567, 
 32.135787, -81.583042, 
 32.168128, -81.721563, 
 32.181306, -81.864044, 
 32.178015, -82.009842, 
 32.172463, -82.15604, 
 32.207713, -82.294142, 
 32.284198, -82.391952, 
 32.402725, -82.36162, 
 32.513309, -82.274528, 
 32.627344, -82.211815, 
 32.63095, -82.210319, 
 32.741308, -82.148782, 
 32.856882, -82.096899, 
 32.973412, -82.051569, 
 33.092361, -82.023071, 
 33.214824, -82.019122, 
 33.339338, -82.029398, 
 33.461582, -82.023498, 
 33.581065, -81.99798, 
 33.702083, -81.983072, 
 33.73462, -81.987566, 
 33.826511, -81.99217, 
 33.956316, -82.039361, 
 34.018506, -82.077892, 
 34.091845, -82.127578, 
 34.186063, -82.192543, 
 34.22974, -82.233495, 
 34.356906, -82.307026, 
 34.364306, -82.316026, 
 34.389831, -82.300375, 
 34.473043, -82.21129, 
 34.485152, -82.131621, 
 34.491125, -81.980863, 
 34.489076, -81.831716, 
 34.482214, -81.68355, 
 34.520972, -81.675394, 
 34.661438, -81.795699, 
 34.781218, -81.770569, 
 34.901009, -81.745359, 
 35.02081, -81.720069, 
 35.140619, -81.694699, 
 35.260437, -81.669247, 
 35.380264, -81.643715, 
 35.500098, -81.6181, 
 35.604248, -81.595768, 
 35.511552, -81.69922, 
 35.437004, -81.783106, 
 35.403945, -81.81166, 
 35.294462, -81.91122, 
 35.224753, -81.978939, 
 35.185762, -82.016543, 
 35.079585, -82.140509, 
 35.063798, -82.163079, 
 34.979693, -82.311049, 
 34.968111, -82.333142, 
 34.886884, -82.499827, 
 34.88306, -82.507075, 
 34.781691, -82.669598, 
 34.780193, -82.671144, 
 34.672733, -82.776279, 
 34.557288, -82.833969, 
 34.44091, -82.884481, 
 34.438648, -82.887658, 
 34.329481, -82.972772, 
 34.220268, -83.07782, 
 34.21936, -83.078859, 
 34.112907, -83.197827, 
 34.050881, -83.259343, 
 34.004854, -83.312836, 
 33.895712, -83.419744, 
 33.868921, -83.441494, 
 33.787369, -83.533508, 
 33.693022, -83.621626, 
 33.679373, -83.650294, 
 33.585096, -83.788651, 
 33.596153, -83.933988, 
 33.617275, -84.077555, 
 33.614047, -84.112892, 
 33.587669, -84.230011, 
 33.556599, -84.382571, 
 33.535594, -84.479994, 
 33.521127, -84.535721, 
 33.47486, -84.690502, 
 33.446224, -84.762499, 
 33.41622, -84.847115, 
 33.352003, -85.004372, 
 33.351686, -85.004981, 
 33.273192, -85.163673, 
 33.251083, -85.197788, 
 33.14362, -85.33069, 
 33.143595, -85.330719, 
 33.03265, -85.433617, 
 32.964806, -85.504797, 
 32.923241, -85.550663, 
 32.842941, -85.669317, 
 32.817916, -85.706012, 
 32.753525, -85.828366, 
 32.718994, -85.922923, 
 32.707739, -85.980498, 
 32.715995, -86.124442, 
 32.732666, -86.267163, 
 32.72844, -86.412923, 
 32.674453, -86.565706, 
 32.664991, -86.581721, 
 32.556119, -86.713577, 
 32.523743, -86.731739, 
 32.441123, -86.784355, 
 32.32174, -86.810474, 
 32.200276, -86.815146, 
 32.081649, -86.848363, 
 31.969194, -86.944057, 
 31.963205, -86.952978, 
 31.865082, -87.109691, 
 31.863669, -87.111974, 
 31.781126, -87.264119, 
 31.759678, -87.298346, 
 31.686971, -87.419509, 
 31.654123, -87.470508, 
 31.592173, -87.574582, 
 31.548987, -87.64951, 
 31.515301, -87.727014, 
 31.456398, -87.876916, 
 31.449619, -87.89522, 
 31.422279, -88.023562, 
 31.371861, -88.172003, 
 31.355948, -88.212374, 
 31.330827, -88.319128, 
 31.298723, -88.465048, 
 31.267517, -88.602442, 
 31.266699, -88.610822, 
 31.252805, -88.754427, 
 31.229669, -88.898975, 
 31.193366, -89.04484, 
 31.184402, -89.076929, 
 31.169921, -89.189184, 
 31.145084, -89.333567, 
 31.101639, -89.479742, 
 31.095193, -89.496143, 
 31.061412, -89.625408, 
 30.992758, -89.752267, 
 30.981092, -89.774848, 
 30.88344, -89.918171, 
 30.878048, -89.926147, 
 30.780436, -90.076522, 
 30.774088, -90.086571, 
 30.704122, -90.224544, 
 30.666574, -90.285376, 
 30.619071, -90.373054, 
 30.557623, -90.466748, 
 30.524719, -90.522049, 
 30.447972, -90.64098, 
 30.432051, -90.670529, 
 30.352325, -90.817555, 
 30.339637, -90.83987, 
 30.286419, -90.96313, 
 30.23219, -91.058696, 
 30.209104, -91.109369, 
 30.129369, -91.2555, 
 30.12367, -91.265371, 
 30.061549, -91.400406, 
 30.014986, -91.475714, 
 29.976246, -91.546362, 
 29.904416, -91.657765, 
 29.885282, -91.692406, 
 29.810126, -91.836981, 
 29.795154, -91.86923, 
 29.763849, -91.979273, 
 29.728905, -92.120625, 
 29.693619, -92.240916, 
 29.689952, -92.262105, 
 29.656135, -92.403104, 
 29.587736, -92.545468, 
 29.587463, -92.546137, 
 29.531775, -92.688128, 
 29.479462, -92.814654, 
 29.475393, -92.829956, 
 29.450989, -92.969761, 
 29.430087, -93.10928, 
 29.411987, -93.248569, 
 29.394721, -93.387743, 
 29.386016, -93.470127, 
 29.384218, -93.526511, 
 29.384391, -93.664723, 
 29.385802, -93.80287, 
 29.377536, -93.941442, 
 29.341564, -94.08116, 
 29.290005, -94.169799, 
 29.259182, -94.222641, 
 29.174405, -94.323847, 
 29.136439, -94.3654, 
 29.058446, -94.471575, 
 29.042976, -94.50663, 
 29.016021, -94.645166, 
 28.999786, -94.783241, 
 28.977686, -94.921444, 
 28.952757, -95.029067, 
 28.94941, -95.059752, 
 28.938288, -95.197466, 
 28.934796, -95.334932, 
 28.930946, -95.472391, 
 28.910401, -95.610223, 
 28.847015, -95.748346, 
 28.846802, -95.748918, 
 28.751734, -95.888018, 
 28.729446, -95.911727, 
 28.610658, -96.001761, 
 28.531397, -96.029069, 
 28.491273, -96.050185, 
 28.371745, -96.087376, 
 28.252216, -96.121421, 
 28.159767, -96.171835, 
 28.133245, -96.196322, 
 28.050729, -96.309463, 
 28.015249, -96.359104, 
 27.966962, -96.446393, 
 27.897314, -96.549645, 
 27.879186, -96.583085, 
 27.797014, -96.719426, 
 27.779122, -96.746347, 
 27.723929, -96.855419, 
 27.660642, -96.951187, 
 27.640248, -96.991233, 
 27.560904, -97.126748, 
 27.541813, -97.156432, 
 27.492353, -97.261967, 
 27.422672, -97.39284, 
 27.421249, -97.396962, 
 27.403852, -97.531743, 
 27.404074, -97.666503, 
 27.404861, -97.801266, 
 27.396615, -97.935983, 
 27.375219, -98.070583, 
 27.334012, -98.204943, 
 27.300189, -98.274827, 
 27.278821, -98.339025, 
 27.203144, -98.472685, 
 27.178623, -98.506389, 
 27.113683, -98.605913, 
 27.056997, -98.702005, 
 27.042837, -98.739134, 
 27.028451, -98.873073, 
 27.024385, -99.007157, 
 27.006746, -99.140959, 
 26.951253, -99.273888, 
 26.928716, -99.305657, 
 26.845033, -99.405464, 
 26.806811, -99.440664, 
 26.685885, -99.520135, 
 26.66347, -99.534836, 
 26.579608, -99.666209, 
 26.571775, -99.799441, 
 26.575069, -99.932981, 
 26.564151, -100.066094, 
 26.552122, -100.153745, 
 26.548437, -100.199019, 
 26.540077, -100.332153, 
 26.52946, -100.465184, 
 26.504024, -100.59763, 
 26.440078, -100.72849, 
 26.415348, -100.760116, 
 26.315978, -100.856703, 
 26.292326, -100.875571, 
 26.171157, -100.933101, 
 26.051495, -100.946999, 
 25.932659, -100.9376, 
 25.814593, -100.906632, 
 25.697731, -100.841017, 
 25.684969, -100.831184, 
 25.581082, -100.768187, 
 25.495062, -100.691814, 
 25.465233, -100.670753, 
 25.348697, -100.594268, 
 25.266531, -100.551663, 
End:

Polygon:
 24.985042, -89.80058, 107, 234, 234, 90

 24.975046, -89.670184, 
 24.964884, -89.53982, 
 24.954555, -89.409487, 
 24.944059, -89.279188, 
 24.933396, -89.148921, 
 24.922567, -89.018688, 
 24.911571, -88.888489, 
 24.900408, -88.758324, 
 24.889079, -88.628195, 
 24.877584, -88.498101, 
 24.865922, -88.368043, 
 24.854094, -88.238021, 
 24.842101, -88.108037, 
 24.829941, -87.978091, 
 24.817615, -87.848182, 
 24.805124, -87.718312, 
 24.792466, -87.588481, 
 24.779644, -87.45869, 
 24.766655, -87.328939, 
 24.753502, -87.199228, 
 24.740183, -87.069559, 
 24.726699, -86.939931, 
 24.71305, -86.810345, 
 24.699236, -86.680802, 
 24.685257, -86.551301, 
 24.671114, -86.421845, 
 24.656805, -86.292432, 
 24.642333, -86.163064, 
 24.627696, -86.03374, 
 24.624304, -86.004116, 
 24.66998, -86.027908, 
 24.753207, -86.0877, 
 24.795434, -86.142174, 
 24.857467, -86.265354, 
 24.891346, -86.392465, 
 24.900876, -86.522874, 
 24.896244, -86.655138, 
 24.896617, -86.786721, 
 24.917368, -86.915689, 
 24.959167, -87.042054, 
 24.980979, -87.090482, 
 25.010764, -87.167305, 
 25.063164, -87.292593, 
 25.115074, -87.418084, 
 25.138829, -87.471288, 
 25.171733, -87.543141, 
 25.23818, -87.667191, 
 25.284283, -87.737957, 
 25.321391, -87.789461, 
 25.419842, -87.906694, 
 25.422935, -87.909842, 
 25.550657, -88.027403, 
 25.550776, -88.027493, 
 25.678932, -88.121907, 
 25.710215, -88.141917, 
 25.806223, -88.206173, 
 25.883252, -88.255258, 
 25.933377, -88.289169, 
 26.057553, -88.368936, 
 26.060397, -88.370879, 
 26.186881, -88.447246, 
 26.25608, -88.48043, 
 26.312357, -88.512168, 
 26.435824, -88.554117, 
 26.556161, -88.559703, 
 26.673978, -88.535959, 
 26.791438, -88.507588, 
 26.910152, -88.492962, 
 27.031094, -88.503167, 
 27.085761, -88.523569, 
 27.155621, -88.554226, 
 27.269956, -88.638464, 
 27.284427, -88.654806, 
 27.379534, -88.761881, 
 27.414368, -88.893523, 
 27.373665, -89.033109, 
 27.320919, -89.091792, 
 27.207514, -89.173985, 
 27.152159, -89.190969, 
 27.090421, -89.210434, 
 26.971204, -89.219884, 
 26.853349, -89.245794, 
 26.783067, -89.362647, 
 26.764552, -89.498715, 
 26.774531, -89.631967, 
 26.800129, -89.76376, 
 26.837258, -89.89455, 
 26.884552, -90.024517, 
 26.918371, -90.101141, 
 26.944229, -90.153508, 
 27.017469, -90.281476, 
 27.055023, -90.339042, 
 27.111222, -90.407882, 
 27.185304, -90.490476, 
 27.244693, -90.53118, 
 27.310972, -90.575735, 
 27.433842, -90.619243, 
 27.498842, -90.644733, 
 27.557494, -90.674376, 
 27.653801, -90.767219, 
 27.685955, -90.803499, 
 27.749223, -90.895003, 
 27.817458, -90.983072, 
 27.85161, -91.022522, 
 27.945375, -91.108814, 
 28.022772, -91.144967, 
 28.068796, -91.162206, 
 28.189244, -91.166547, 
 28.30784, -91.139497, 
 28.357548, -91.118645, 
 28.42511, -91.090336, 
 28.541588, -91.028065, 
 28.657905, -90.962528, 
 28.667553, -90.956889, 
 28.774204, -90.897151, 
 28.890883, -90.837276, 
 28.970145, -90.794503, 
 29.007424, -90.774937, 
 29.122739, -90.693743, 
 29.176795, -90.639108, 
 29.235837, -90.578762, 
 29.288101, -90.491252, 
 29.344625, -90.400553, 
 29.366236, -90.345937, 
 29.432691, -90.201387, 
 29.44937, -90.1673, 
 29.492817, -90.057167, 
 29.554521, -89.946007, 
 29.571406, -89.910963, 
 29.661229, -89.763365, 
 29.662042, -89.762127, 
 29.731615, -89.617333, 
 29.767517, -89.554832, 
 29.798579, -89.471374, 
 29.857981, -89.325929, 
 29.868932, -89.298958, 
 29.894363, -89.182651, 
 29.932212, -89.039068, 
 29.962013, -88.946198, 
 29.97231, -88.895087, 
 30.001954, -88.752086, 
 30.040226, -88.607998, 
 30.051715, -88.566059, 
 30.067643, -88.464981, 
 30.098907, -88.321399, 
 30.141779, -88.204479, 
 30.149445, -88.175421, 
 30.195023, -88.029821, 
 30.238306, -87.926903, 
 30.252308, -87.882615, 
 30.292041, -87.737334, 
 30.330589, -87.610396, 
 30.333839, -87.59163, 
 30.349487, -87.449065, 
 30.370556, -87.305723, 
 30.407997, -87.160145, 
 30.40876, -87.156719, 
 30.421603, -87.017558, 
 30.425244, -86.87624, 
 30.411155, -86.737299, 
 30.392958, -86.598951, 
 30.378238, -86.460155, 
 30.344299, -86.324106, 
 30.322222, -86.303608, 
 30.203085, -86.325909, 
 30.179274, -86.347395, 
 30.092329, -86.427855, 
 30.025579, -86.509225, 
 29.984565, -86.558886, 
 29.874279, -86.666101, 
 29.866283, -86.671175, 
 29.761492, -86.749579, 
 29.646757, -86.813614, 
 29.616992, -86.844499, 
 29.574432, -86.989533, 
 29.557126, -87.129401, 
 29.557052, -87.131118, 
 29.553675, -87.270814, 
 29.565814, -87.408513, 
 29.593384, -87.504865, 
 29.710411, -87.4617, 
 29.826467, -87.515122, 
 29.720483, -87.56813, 
 29.60207, -87.596948, 
 29.598358, -87.682953, 
 29.540124, -87.82926, 
 29.508287, -87.891726, 
 29.492076, -87.974119, 
 29.473177, -88.115354, 
 29.488995, -88.252483, 
 29.509572, -88.389103, 
 29.482678, -88.531106, 
 29.448387, -88.586583, 
 29.382524, -88.68108, 
 29.339302, -88.727142, 
 29.226268, -88.82115, 
 29.189551, -88.840703, 
 29.111282, -88.891881, 
 28.992821, -88.919852, 
 28.870949, -88.905556, 
 28.81024, -88.881529, 
 28.746571, -88.860479, 
 28.620329, -88.792841, 
 28.565425, -88.770391, 
 28.495697, -88.744603, 
 28.376843, -88.764894, 
 28.259074, -88.797585, 
 28.140017, -88.814443, 
 28.019333, -88.811428, 
 27.897239, -88.791097, 
 27.774167, -88.758561, 
 27.690362, -88.728436, 
 27.650076, -88.713618, 
 27.52113, -88.611741, 
 27.520497, -88.611171, 
 27.44698, -88.483721, 
 27.430214, -88.350116, 
 27.445245, -88.21292, 
 27.477651, -88.11968, 
 27.498199, -88.071261, 
 27.581732, -87.942183, 
 27.600895, -87.923537, 
 27.68862, -87.797155, 
 27.696601, -87.776258, 
 27.700695, -87.639747, 
 27.690582, -87.504951, 
 27.681366, -87.370055, 
 27.678257, -87.234396, 
 27.684454, -87.097531, 
 27.698586, -86.959594, 
 27.713479, -86.825376, 
 27.713821, -86.821442, 
 27.724849, -86.683769, 
 27.751944, -86.543865, 
 27.792379, -86.428389, 
 27.816954, -86.398652, 
 27.899515, -86.302414, 
 28.016734, -86.269832, 
 28.140652, -86.298893, 
 28.261249, -86.29675, 
 28.266359, -86.199549, 
 28.256277, -86.063738, 
 28.299983, -85.920212, 
 28.336404, -85.879912, 
 28.39132, -85.76957, 
 28.437744, -85.705443, 
 28.465062, -85.62116, 
 28.514168, -85.476135, 
 28.528301, -85.43924, 
 28.547856, -85.333237, 
 28.584378, -85.189756, 
 28.61034, -85.106236, 
 28.621709, -85.045994, 
 28.640233, -84.905015, 
 28.642222, -84.766569, 
 28.613442, -84.63302, 
 28.53744, -84.507947, 
 28.535127, -84.507562, 
 28.415704, -84.504029, 
 28.351668, -84.537172, 
 28.302785, -84.570301, 
 28.197266, -84.696156, 
 28.194651, -84.699845, 
 28.109101, -84.850657, 
 28.097932, -84.873503, 
 28.016666, -85.002187, 
 27.996646, -85.036384, 
 27.892937, -85.158125, 
 27.890659, -85.161085, 
 27.783144, -85.273748, 
 27.73989, -85.317964, 
 27.675953, -85.389519, 
 27.592907, -85.476286, 
 27.568399, -85.502534, 
 27.457665, -85.588585, 
 27.342046, -85.63204, 
 27.222441, -85.640625, 
 27.099227, -85.617566, 
 26.986076, -85.565664, 
 26.971854, -85.558156, 
 26.840145, -85.45201, 
 26.838845, -85.450794, 
 26.729465, -85.3335, 
 26.70087, -85.302621, 
 26.61981, -85.215143, 
 26.563451, -85.160683, 
 26.500687, -85.098522, 
 26.427117, -85.029121, 
 26.382776, -84.982042, 
 26.287889, -84.875331, 
 26.278335, -84.863809, 
 26.179354, -84.745004, 
 26.146811, -84.708797, 
 26.066776, -84.628601, 
 26.010234, -84.579716, 
 25.924852, -84.517137, 
 25.878192, -84.487123, 
 25.748539, -84.413406, 
 25.745838, -84.411949, 
 25.620741, -84.354424, 
 25.532747, -84.312657, 
 25.493245, -84.297519, 
 25.366399, -84.245651, 
 25.30108, -84.216876, 
 25.239738, -84.195021, 
 25.113853, -84.150169, 
 25.044871, -84.125609, 
 24.988436, -84.108633, 
 24.86364, -84.071628, 
 24.76632, -84.038557, 
 24.738254, -84.029828, 
 24.612996, -83.988969, 
 24.504982, -83.949315, 
 24.487125, -83.943136, 
 24.364619, -83.922189, 
 24.353833, -83.8426, 
 24.336258, -83.714169, 
 24.318521, -83.585792, 
 24.300622, -83.45747, 
 24.282562, -83.329203, 
 24.26434, -83.200991, 
 24.245957, -83.072835, 
 24.227412, -82.944736, 
 24.208707, -82.816693, 
 24.205574, -82.795446, 
 24.232034, -82.812573, 
 24.337699, -82.879611, 
 24.376699, -82.918585, 
 24.475547, -83.003495, 
 24.507181, -83.027432, 
 24.608584, -83.094812, 
 24.691876, -83.127219, 
 24.735652, -83.14457, 
 24.857575, -83.158174, 
 24.976415, -83.14971, 
 25.095573, -83.143069, 
 25.196235, -83.172195, 
 25.220836, -83.178901, 
 25.354876, -83.276766, 
 25.355566, -83.277571, 
 25.489538, -83.379676, 
 25.497207, -83.386374, 
 25.620895, -83.459377, 
 25.674999, -83.489387, 
 25.749815, -83.521556, 
 25.876951, -83.57068, 
 25.914991, -83.582319, 
 26.002351, -83.607116, 
 26.125452, -83.626443, 
 26.245948, -83.626273, 
 26.363861, -83.606792, 
 26.47926, -83.568535, 
 26.592541, -83.514417, 
 26.704848, -83.452845, 
 26.722539, -83.444347, 
 26.817907, -83.396717, 
 26.93144, -83.343739, 
 27.043395, -83.279016, 
 27.080668, -83.246559, 
 27.149824, -83.174595, 
 27.199782, -83.089574, 
 27.246003, -82.997572, 
 27.267593, -82.941312, 
 27.338803, -82.798308, 
 27.342199, -82.791538, 
 27.442633, -82.677573, 
 27.52716, -82.621176, 
 27.553993, -82.60901, 
 27.64924, -82.598697, 
 27.673482, -82.596456, 
 27.80351, -82.656777, 
 27.847065, -82.699421, 
 27.946763, -82.818537, 
 27.948385, -82.821016, 
 28.01908, -82.942863, 
 28.101887, -83.065519, 
 28.105106, -83.072098, 
 28.171462, -83.190744, 
 28.251156, -83.314386, 
 28.261756, -83.327542, 
 28.345589, -83.43566, 
 28.403419, -83.476752, 
 28.501921, -83.54645, 
 28.536185, -83.560964, 
 28.66668, -83.628629, 
 28.696206, -83.651103, 
 28.804799, -83.770975, 
 28.807972, -83.778158, 
 28.840902, -83.90347, 
 28.861775, -84.03862, 
 28.881982, -84.173923, 
 28.907457, -84.308395, 
 28.938587, -84.442001, 
 28.969185, -84.575771, 
 28.986458, -84.711745, 
 28.979892, -84.851521, 
 28.95748, -84.967248, 
 28.951985, -84.994582, 
 28.916551, -85.138669, 
 28.888872, -85.281423, 
 28.883599, -85.368935, 
 28.879533, -85.421284, 
 28.904527, -85.555969, 
 28.905334, -85.557503, 
 29.018057, -85.677644, 
 29.041368, -85.688193, 
 29.16727, -85.72981, 
 29.292451, -85.764589, 
 29.32714, -85.770972, 
 29.416466, -85.788971, 
 29.537615, -85.787296, 
 29.655159, -85.752817, 
 29.743827, -85.709445, 
 29.770383, -85.697221, 
 29.886359, -85.648341, 
 30.003578, -85.610175, 
 30.121118, -85.57453, 
 30.237687, -85.529942, 
 30.345067, -85.478682, 
 30.353125, -85.475029, 
 30.468628, -85.42079, 
 30.584956, -85.373487, 
 30.703036, -85.341228, 
 30.823372, -85.328425, 
 30.945465, -85.330694, 
 31.068353, -85.339608, 
 31.191094, -85.346915, 
 31.205164, -85.34645, 
 31.312545, -85.342776, 
 31.431523, -85.316477, 
 31.450774, -85.308199, 
 31.548068, -85.268636, 
 31.663663, -85.212286, 
 31.780803, -85.169186, 
 31.902581, -85.166331, 
 32.029865, -85.211299, 
 32.046278, -85.214527, 
 32.031341, -85.224274, 
 31.960487, -85.372029, 
 31.928854, -85.398031, 
 31.832005, -85.53573, 
 31.823323, -85.546064, 
 31.736806, -85.69381, 
 31.72066, -85.721648, 
 31.653639, -85.849675, 
 31.619341, -85.911674, 
 31.559285, -86.006828, 
 31.514327, -86.069299, 
 31.4317, -86.168395, 
 31.406061, -86.197474, 
 31.297649, -86.325107, 
 31.293088, -86.330985, 
 31.191287, -86.47365, 
 31.181626, -86.489154, 
 31.086889, -86.642774, 
 31.085739, -86.644697, 
 30.987517, -86.800148, 
 30.981984, -86.808912, 
 30.894725, -86.954456, 
 30.877895, -86.985305, 
 30.816146, -87.106498, 
 30.777189, -87.198922, 
 30.753259, -87.256174, 
 30.703333, -87.403926, 
 30.682346, -87.478338, 
 30.660543, -87.550566, 
 30.620929, -87.696627, 
 30.590854, -87.801495, 
 30.5769, -87.84306, 
 30.522972, -87.990495, 
 30.493466, -88.068069, 
 30.463336, -88.138384, 
 30.407523, -88.285584, 
 30.394608, -88.324282, 
 30.356738, -88.431974, 
 30.316801, -88.576937, 
 30.300109, -88.63912, 
 30.275698, -88.721859, 
 30.231197, -88.86698, 
 30.204376, -88.949088, 
 30.182488, -89.012369, 
 30.136815, -89.15724, 
 30.108245, -89.264402, 
 30.096549, -89.301368, 
 30.052264, -89.445734, 
 30.01078, -89.573254, 
 30.003713, -89.590351, 
 29.933388, -89.736891, 
 29.905643, -89.787618, 
 29.849807, -89.884425, 
 29.798334, -89.976365, 
 29.766115, -90.031643, 
 29.692384, -90.177625, 
 29.691738, -90.178994, 
 29.620682, -90.323131, 
 29.586684, -90.409935, 
 29.560764, -90.467327, 
 29.504697, -90.610959, 
 29.482933, -90.667353, 
 29.439026, -90.755183, 
 29.375907, -90.881104, 
 29.363664, -90.899956, 
 29.274192, -91.045577, 
 29.266362, -91.059706, 
 29.187479, -91.190641, 
 29.157859, -91.260172, 
 29.122452, -91.333714, 
 29.081021, -91.474773, 
 29.058944, -91.614257, 
 29.058179, -91.621344, 
 29.038141, -91.753556, 
 29.020389, -91.892558, 
 28.997562, -92.031833, 
 28.966966, -92.169298, 
 28.966213, -92.171582, 
 28.914139, -92.312543, 
 28.859594, -92.43206, 
 28.845448, -92.454354, 
 28.756315, -92.597155, 
 28.74778, -92.611174, 
 28.662509, -92.739906, 
 28.635607, -92.78817, 
 28.565575, -92.882494, 
 28.522264, -92.943521, 
 28.418177, -93.027525, 
 28.406101, -93.036019, 
 28.287209, -93.065172, 
 28.167445, -93.072595, 
 28.047714, -93.079804, 
 27.928572, -93.099974, 
 27.810182, -93.136984, 
 27.692324, -93.18563, 
 27.639919, -93.205497, 
 27.574333, -93.230755, 
 27.455688, -93.259266, 
 27.335715, -93.254009, 
 27.265512, -93.225153, 
 27.213524, -93.194139, 
 27.125864, -93.097993, 
 27.0868, -93.028243, 
 27.062384, -92.967049, 
 27.019149, -92.835146, 
 26.979752, -92.703149, 
 26.948917, -92.570755, 
 26.944665, -92.536063, 
 26.934399, -92.437442, 
 26.930479, -92.303493, 
 26.929147, -92.223576, 
 26.928332, -92.169431, 
 26.921781, -92.081503, 
 26.918527, -92.035876, 
 26.89765, -91.903095, 
 26.865283, -91.771173, 
 26.82073, -91.640216, 
 26.771974, -91.535483, 
 26.758272, -91.510697, 
 26.659418, -91.384074, 
 26.642449, -91.36698, 
 26.517277, -91.273969, 
 26.499619, -91.262371, 
 26.392608, -91.19015, 
 26.333479, -91.141624, 
 26.266017, -91.075889, 
 26.215171, -91.0176, 
 26.13606, -90.910406, 
 26.122193, -90.891897, 
 26.040899, -90.76551, 
 26.002243, -90.690693, 
 25.972716, -90.638273, 
 25.9189, -90.510018, 
 25.875483, -90.381023, 
 25.857907, -90.32616, 
 25.827651, -90.252535, 
 25.758472, -90.126085, 
 25.720733, -90.0771, 
 25.62425, -90.005726, 
 25.594979, -89.989112, 
 25.472704, -89.948613, 
 25.351229, -89.918128, 
 25.299162, -89.903246, 
 25.229436, -89.883062, 
 25.107149, -89.841013, 
 24.985873, -89.811615, 
 24.985042, -89.80058, 
End:

Polygon:
 24.504145, -81.04828, 107, 234, 234, 90

 24.475605, -80.921749, 
 24.472393, -80.790169, 
 24.48054, -80.727125, 
 24.490987, -80.654127, 
 24.526825, -80.514449, 
 24.551877, -80.436872, 
 24.581384, -80.370739, 
 24.639743, -80.246353, 
 24.658633, -80.222062, 
 24.736892, -80.11078, 
 24.802928, -80.058909, 
 24.842251, -80.022675, 
 24.955359, -79.978878, 
 25.075511, -79.975022, 
 25.141209, -79.987185, 
 25.201024, -80.001638, 
 25.332931, -80.064855, 
 25.354113, -80.075651, 
 25.419025, -80.195806, 
 25.413264, -80.330905, 
 25.394313, -80.422984, 
 25.390237, -80.469528, 
 25.359212, -80.609671, 
 25.323178, -80.718563, 
 25.310628, -80.753253, 
 25.237248, -80.901626, 
 25.233866, -80.908052, 
 25.134997, -81.040702, 
 25.111665, -81.060106, 
 25.029534, -81.133372, 
 24.917968, -81.188357, 
 24.802427, -81.218569, 
 24.681869, -81.217552, 
 24.581453, -81.165252, 
 24.546808, -81.127218, 
 24.504145, -81.04828, 
End:

Polygon:
 36.264541, -82.830556, 107, 234, 234, 90

 36.182872, -82.694072, 
 36.141889, -82.549611, 
 36.119334, -82.401494, 
 36.11116, -82.250449, 
 36.1266, -82.094457, 
 36.165682, -81.963329, 
 36.170445, -81.932359, 
 36.216084, -81.769623, 
 36.252063, -81.695825, 
 36.30877, -81.596461, 
 36.3531, -81.535514, 
 36.462739, -81.436804, 
 36.534933, -81.393492, 
 36.576164, -81.364975, 
 36.690794, -81.301749, 
 36.806748, -81.247708, 
 36.924205, -81.204105, 
 37.042888, -81.168997, 
 37.161405, -81.132635, 
 37.278996, -81.089715, 
 37.378132, -81.050107, 
 37.395835, -81.041496, 
 37.511153, -80.982814, 
 37.626025, -80.920978, 
 37.740229, -80.85444, 
 37.854135, -80.785774, 
 37.857771, -80.783522, 
 37.965392, -80.699249, 
 38.077543, -80.618822, 
 38.161633, -80.554981, 
 38.187277, -80.522002, 
 38.283185, -80.368271, 
 38.28724, -80.359192, 
 38.348823, -80.194422, 
 38.378255, -80.137742, 
 38.436375, -80.014823, 
 38.474832, -79.95515, 
 38.55335, -79.827413, 
 38.575071, -79.797915, 
 38.678511, -79.662548, 
 38.713703, -79.628386, 
 38.785707, -79.552261, 
 38.898518, -79.478574, 
 39.016526, -79.438573, 
 39.139199, -79.428785, 
 39.267072, -79.452696, 
 39.327381, -79.472356, 
 39.397014, -79.490306, 
 39.523718, -79.506999, 
 39.643284, -79.476951, 
 39.757368, -79.411009, 
 39.871944, -79.348267, 
 39.989233, -79.303275, 
 40.027766, -79.290866, 
 40.107068, -79.261911, 
 40.216462, -79.165822, 
 40.241895, -79.071907, 
 40.224366, -78.913824, 
 40.215073, -78.753537, 
 40.251835, -78.597824, 
 40.266301, -78.576717, 
 40.359807, -78.49494, 
 40.483212, -78.488752, 
 40.523639, -78.50611, 
 40.618921, -78.560228, 
 40.693007, -78.623345, 
 40.769386, -78.726139, 
 40.796474, -78.759114, 
 40.872851, -78.902573, 
 40.939685, -79.022894, 
 40.959432, -79.043568, 
 41.075877, -79.101412, 
 41.203565, -79.124525, 
 41.244655, -79.13158, 
 41.329498, -79.136425, 
 41.457179, -79.160057, 
 41.564119, -79.211084, 
 41.590967, -79.224261, 
 41.718827, -79.335538, 
 41.734214, -79.352491, 
 41.830639, -79.471931, 
 41.888908, -79.5601, 
 41.929168, -79.612251, 
 42.014843, -79.756308, 
 42.063235, -79.907083, 
 42.064259, -79.910143, 
 42.064209, -79.913864, 
 42.06007, -80.077975, 
 41.997996, -80.260519, 
 41.991396, -80.272363, 
 41.888335, -80.41979, 
 41.850007, -80.46427, 
 41.78051, -80.533782, 
 41.672854, -80.649364, 
 41.652111, -80.679422, 
 41.568651, -80.79075, 
 41.492594, -80.883885, 
 41.462702, -80.91999, 
 41.34891, -80.992341, 
 41.223105, -80.976428, 
 41.197179, -80.95555, 
 41.078814, -80.826233, 
 41.075301, -80.820858, 
 41.011203, -80.672436, 
 40.979414, -80.516269, 
 40.97118, -80.35432, 
 40.979237, -80.188256, 
 40.979409, -80.122202, 
 40.978524, -80.024319, 
 40.946515, -79.868375, 
 40.940107, -79.851886, 
 40.870462, -79.723906, 
 40.778491, -79.597618, 
 40.74957, -79.591394, 
 40.649808, -79.566792, 
 40.607552, -79.628256, 
 40.544048, -79.689321, 
 40.476975, -79.825079, 
 40.447095, -79.871937, 
 40.374798, -80.013918, 
 40.353269, -80.077415, 
 40.326328, -80.188731, 
 40.328317, -80.350772, 
 40.337896, -80.510912, 
 40.327576, -80.675876, 
 40.319831, -80.708347, 
 40.282387, -80.849087, 
 40.229714, -80.949307, 
 40.121624, -81.049387, 
 40.120048, -81.050748, 
 40.049984, -81.066283, 
 40.000006, -81.077451, 
 39.869652, -81.02989, 
 39.799071, -80.964151, 
 39.718217, -80.831956, 
 39.713222, -80.823511, 
 39.642706, -80.67947, 
 39.557774, -80.5745, 
 39.488966, -80.555789, 
 39.431182, -80.555557, 
 39.321101, -80.596202, 
 39.313607, -80.599377, 
 39.200847, -80.676982, 
 39.090018, -80.768071, 
 39.04142, -80.822537, 
 38.98793, -80.921068, 
 38.958479, -81.001298, 
 38.913633, -81.170812, 
 38.903586, -81.201827, 
 38.865289, -81.340842, 
 38.815214, -81.457532, 
 38.790091, -81.516643, 
 38.717997, -81.651286, 
 38.684615, -81.698742, 
 38.613482, -81.79267, 
 38.499574, -81.864657, 
 38.377789, -81.878105, 
 38.24859, -81.836429, 
 38.19247, -81.807301, 
 38.116661, -81.774904, 
 37.991661, -81.764672, 
 37.878569, -81.841939, 
 37.845689, -81.882904, 
 37.772913, -81.974589, 
 37.683743, -82.074075, 
 37.66576, -82.096595, 
 37.560006, -82.229849, 
 37.539106, -82.260681, 
 37.458521, -82.396299, 
 37.436009, -82.437854, 
 37.357958, -82.571151, 
 37.326343, -82.61582, 
 37.253066, -82.71399, 
 37.141481, -82.805288, 
 37.130536, -82.810617, 
 37.02671, -82.872235, 
 36.906886, -82.899539, 
 36.784073, -82.903329, 
 36.661586, -82.909572, 
 36.592583, -82.918437, 
 36.540413, -82.926042, 
 36.41687, -82.924071, 
 36.284106, -82.850465, 
 36.264541, -82.830556, 
End:

Polygon:
 37.969947, -88.560906, 107, 234, 234, 90

 37.955668, -88.407449, 
 37.962322, -88.37928, 
 37.992811, -88.247446, 
 38.063918, -88.117223, 
 38.094702, -88.078812, 
 38.175138, -87.978795, 
 38.275458, -87.899168, 
 38.289791, -87.883226, 
 38.409372, -87.848171, 
 38.44797, -87.876104, 
 38.543513, -87.990836, 
 38.555544, -88.01828, 
 38.569851, -88.173, 
 38.561882, -88.220226, 
 38.548772, -88.332278, 
 38.510446, -88.4936, 
 38.46824, -88.591107, 
 38.429203, -88.660005, 
 38.357569, -88.746271, 
 38.23895, -88.796286, 
 38.114482, -88.768052, 
 38.046721, -88.706795, 
 37.97771, -88.577724, 
 37.969947, -88.560906, 
End:

Polygon:
 38.504002, -86.615579, 107, 234, 234, 90

 38.529689, -86.454863, 
 38.531175, -86.452611, 
 38.564997, -86.29248, 
 38.624894, -86.149399, 
 38.631584, -86.124943, 
 38.72538, -85.952656, 
 38.72807, -85.948735, 
 38.838917, -85.828218, 
 38.956384, -85.774506, 
 39.077319, -85.755774, 
 39.200976, -85.764519, 
 39.327842, -85.80565, 
 39.396558, -85.843105, 
 39.457079, -85.871226, 
 39.589303, -85.968044, 
 39.591778, -85.970161, 
 39.70724, -86.110793, 
 39.734832, -86.205945, 
 39.754448, -86.262764, 
 39.748569, -86.351767, 
 39.746937, -86.423522, 
 39.685896, -86.592494, 
 39.652976, -86.644591, 
 39.541624, -86.768614, 
 39.53356, -86.775022, 
 39.427898, -86.86766, 
 39.310787, -86.929027, 
 39.191617, -86.96743, 
 39.070311, -86.982001, 
 38.945843, -86.961272, 
 38.816277, -86.882783, 
 38.816194, -86.882726, 
 38.68453, -86.783431, 
 38.623854, -86.754348, 
 38.550342, -86.65794, 
 38.504002, -86.615579, 
End:

Polygon:
 36.77986, -74.808567, 107, 234, 234, 90

 36.755839, -74.65938, 
 36.772251, -74.56998, 
 36.805012, -74.486904, 
 36.864134, -74.404738, 
 36.971496, -74.315335, 
 37.071017, -74.244171, 
 37.081037, -74.2365, 
 37.18487, -74.130242, 
 37.230271, -74.034491, 
 37.273085, -73.948861, 
 37.297532, -73.854207, 
 37.355774, -73.742045, 
 37.37283, -73.670822, 
 37.437923, -73.533923, 
 37.453837, -73.485042, 
 37.521179, -73.332273, 
 37.534324, -73.298926, 
 37.582682, -73.123298, 
 37.590667, -73.067846, 
 37.600678, -72.957813, 
 37.617021, -72.792743, 
 37.635141, -72.691023, 
 37.662601, -72.617286, 
 37.718899, -72.496822, 
 37.829412, -72.424502, 
 37.947884, -72.388253, 
 38.061966, -72.331993, 
 38.077609, -72.310467, 
 38.15591, -72.184843, 
 38.177168, -72.113909, 
 38.234624, -71.969834, 
 38.247762, -71.927224, 
 38.315234, -71.764523, 
 38.325442, -71.737467, 
 38.396834, -71.564714, 
 38.403715, -71.54697, 
 38.478119, -71.364562, 
 38.481626, -71.356079, 
 38.562028, -71.176889, 
 38.569747, -71.160812, 
 38.64894, -71.003083, 
 38.670184, -70.96026, 
 38.735107, -70.826744, 
 38.761437, -70.762543, 
 38.814347, -70.621486, 
 38.829197, -70.573288, 
 38.876861, -70.391393, 
 38.881954, -70.367998, 
 38.91337, -70.213506, 
 38.937503, -70.065849, 
 38.942351, -70.038336, 
 38.958385, -69.86805, 
 38.962682, -69.702319, 
 38.957743, -69.620751, 
 38.952367, -69.542355, 
 38.9287, -69.387756, 
 38.895638, -69.23701, 
 38.855231, -69.089336, 
 38.80912, -68.944102, 
 38.760393, -68.800066, 
 38.732808, -68.712408, 
 38.714266, -68.655067, 
 38.717965, -68.653533, 
 38.833829, -68.605323, 
 38.949671, -68.556957, 
 39.065492, -68.508434, 
 39.181291, -68.459753, 
 39.297067, -68.410915, 
 39.41282, -68.361917, 
 39.528548, -68.31276, 
 39.644252, -68.263442, 
 39.759931, -68.213962, 
 39.830724, -68.183576, 
 39.87396, -68.332037, 
 39.918468, -68.48006, 
 39.959041, -68.629856, 
 39.990372, -68.783633, 
 40.00692, -68.943653, 
 40.001457, -69.112829, 
 39.994665, -69.15897, 
 39.97812, -69.289244, 
 39.936306, -69.44502, 
 39.925224, -69.477571, 
 39.855725, -69.640602, 
 39.831428, -69.682096, 
 39.766041, -69.798946, 
 39.698124, -69.901827, 
 39.673514, -69.945721, 
 39.583061, -70.10165, 
 39.574893, -70.116572, 
 39.500209, -70.29045, 
 39.492093, -70.314475, 
 39.454306, -70.494179, 
 39.440772, -70.580612, 
 39.430643, -70.668109, 
 39.404293, -70.84286, 
 39.388614, -70.904937, 
 39.352869, -71.026973, 
 39.312958, -71.129382, 
 39.271475, -71.222086, 
 39.229237, -71.31957, 
 39.192653, -71.415665, 
 39.1525, -71.541715, 
 39.138051, -71.599681, 
 39.100825, -71.776881, 
 39.090479, -71.831382, 
 39.076258, -71.949145, 
 39.065827, -72.116053, 
 39.059726, -72.266414, 
 39.059889, -72.281214, 
 39.06298, -72.442992, 
 39.059477, -72.607069, 
 39.041662, -72.767801, 
 39.040954, -72.776392, 
 39.014762, -72.948207, 
 38.978334, -73.063971, 
 38.949992, -73.133283, 
 38.89084, -73.247668, 
 38.824054, -73.339038, 
 38.793221, -73.383745, 
 38.690991, -73.498123, 
 38.597848, -73.578121, 
 38.584441, -73.5918, 
 38.475286, -73.673162, 
 38.366069, -73.754172, 
 38.304504, -73.83804, 
 38.303164, -73.998957, 
 38.359851, -74.140597, 
 38.446689, -74.272492, 
 38.478727, -74.305781, 
 38.563381, -74.39486, 
 38.632307, -74.444423, 
 38.736967, -74.498992, 
 38.771079, -74.509809, 
 38.9022, -74.53716, 
 39.006286, -74.572297, 
 39.036849, -74.582361, 
 39.179616, -74.669189, 
 39.18705, -74.675112, 
 39.310883, -74.796946, 
 39.335535, -74.824321, 
 39.432083, -74.920015, 
 39.488094, -74.963757, 
 39.590097, -75.031578, 
 39.630623, -75.052208, 
 39.75827, -75.140332, 
 39.775925, -75.155974, 
 39.873089, -75.266695, 
 39.939944, -75.408766, 
 39.968238, -75.511057, 
 39.983059, -75.558573, 
 40.0076, -75.714357, 
 40.008258, -75.726523, 
 40.021099, -75.873629, 
 40.021656, -76.036909, 
 40.003411, -76.205917, 
 39.986488, -76.29414, 
 39.970747, -76.379158, 
 39.937151, -76.552445, 
 39.92128, -76.629535, 
 39.895041, -76.728036, 
 39.837218, -76.861693, 
 39.780767, -76.924714, 
 39.731438, -76.970989, 
 39.61773, -77.035059, 
 39.50205, -77.087767, 
 39.385301, -77.134304, 
 39.266218, -77.167384, 
 39.143847, -77.181521, 
 39.132236, -77.114779, 
 39.10538, -76.96165, 
 39.078327, -76.808635, 
 39.051076, -76.655738, 
 39.023627, -76.502957, 
 38.995982, -76.350293, 
 38.96814, -76.197749, 
 38.940102, -76.045323, 
 38.911867, -75.893017, 
 38.883436, -75.740831, 
 38.854809, -75.588767, 
 38.825987, -75.436824, 
 38.796969, -75.285004, 
 38.767756, -75.133307, 
 38.620162, -75.019499, 
 38.472457, -74.906156, 
 38.354294, -74.943905, 
 38.23612, -74.98153, 
 38.117935, -75.019033, 
 37.999739, -75.056413, 
 37.852078, -74.943963, 
 37.733911, -74.981329, 
 37.615737, -75.018573, 
 37.497554, -75.055697, 
 37.379363, -75.092702, 
 37.276954, -75.124659, 
 37.259443, -75.120893, 
 37.231762, -74.98113, 
 37.084061, -74.870008, 
 36.965949, -74.907102, 
 36.869966, -74.937148, 
 36.838403, -74.897137, 
 36.77986, -74.808567, 
End:

Polygon:
 39.505475, -87.890999, 107, 234, 234, 90

 39.490532, -87.734334, 
 39.498557, -87.688286, 
 39.510427, -87.572819, 
 39.575928, -87.404673, 
 39.59458, -87.372395, 
 39.705734, -87.239393, 
 39.732162, -87.222969, 
 39.821066, -87.156084, 
 39.940879, -87.124576, 
 40.064932, -87.141898, 
 40.111298, -87.167385, 
 40.193611, -87.213411, 
 40.276215, -87.303596, 
 40.335285, -87.439653, 
 40.342425, -87.454642, 
 40.370025, -87.611405, 
 40.357801, -87.712783, 
 40.354357, -87.774294, 
 40.306964, -87.941411, 
 40.260553, -88.027095, 
 40.19564, -88.116845, 
 40.149636, -88.17366, 
 40.033644, -88.256169, 
 39.913609, -88.286548, 
 39.790079, -88.271877, 
 39.666648, -88.187159, 
 39.660717, -88.182081, 
 39.555564, -88.043, 
 39.517686, -87.922762, 
 39.505475, -87.890999, 
End:

Polygon:
 41.485685, -84.176745, 107, 234, 234, 90

 41.438135, -84.021985, 
 41.409938, -83.863554, 
 41.398732, -83.701792, 
 41.399862, -83.53753, 
 41.405217, -83.398336, 
 41.404418, -83.372513, 
 41.400314, -83.209225, 
 41.404619, -83.044136, 
 41.429929, -82.874497, 
 41.45605, -82.787271, 
 41.478671, -82.699612, 
 41.549588, -82.543259, 
 41.567356, -82.515662, 
 41.654317, -82.392915, 
 41.768454, -82.319005, 
 41.88831, -82.291457, 
 42.014123, -82.312196, 
 42.123615, -82.392495, 
 42.15093, -82.422408, 
 42.231633, -82.534702, 
 42.282502, -82.689879, 
 42.306062, -82.851172, 
 42.323334, -83.013879, 
 42.354435, -83.173691, 
 42.368271, -83.213841, 
 42.422097, -83.325911, 
 42.497108, -83.476874, 
 42.529662, -83.550804, 
 42.575316, -83.627467, 
 42.643321, -83.780454, 
 42.688263, -83.938375, 
 42.703936, -84.016221, 
 42.727818, -84.097531, 
 42.758043, -84.258673, 
 42.778886, -84.42175, 
 42.794387, -84.585915, 
 42.80246, -84.751527, 
 42.795871, -84.893487, 
 42.796356, -84.919798, 
 42.782522, -85.089413, 
 42.721196, -85.267577, 
 42.712324, -85.285272, 
 42.604317, -85.434309, 
 42.546609, -85.465612, 
 42.488637, -85.505228, 
 42.367273, -85.51751, 
 42.331012, -85.503969, 
 42.241694, -85.486584, 
 42.110178, -85.395266, 
 42.09483, -85.380462, 
 41.973152, -85.237166, 
 41.971673, -85.234816, 
 41.8746, -85.090122, 
 41.821356, -84.961296, 
 41.807777, -84.937637, 
 41.727848, -84.787843, 
 41.665018, -84.635159, 
 41.664714, -84.634391, 
 41.584394, -84.486085, 
 41.530286, -84.332239, 
 41.495455, -84.201156, 
 41.485685, -84.176745, 
End:

Polygon:
 42.770441, -78.711362, 107, 234, 234, 90

 42.770818, -78.542244, 
 42.838183, -78.450958, 
 42.967354, -78.483879, 
 42.968968, -78.485681, 
 43.021055, -78.640401, 
 43.004763, -78.729676, 
 42.896127, -78.831248, 
 42.770441, -78.711362, 
End:

Polygon:
 25.238745, -100.287975, 78, 176, 231, 90

 25.242257, -100.156762, 
 25.245599, -100.025538, 
 25.248772, -99.894303, 
 25.251776, -99.763059, 
 25.254611, -99.631806, 
 25.257276, -99.500544, 
 25.259772, -99.369273, 
 25.262099, -99.237996, 
 25.264257, -99.106711, 
 25.266245, -98.975419, 
 25.268064, -98.844122, 
 25.269713, -98.712819, 
 25.271193, -98.581511, 
 25.272504, -98.450199, 
 25.273645, -98.318883, 
 25.274617, -98.187563, 
 25.27542, -98.056241, 
 25.276052, -97.924917, 
 25.276516, -97.793591, 
 25.27681, -97.662263, 
 25.276935, -97.530935, 
 25.27689, -97.399607, 
 25.276676, -97.268279, 
 25.276292, -97.136952, 
 25.275739, -97.005627, 
 25.275016, -96.874304, 
 25.274124, -96.742983, 
 25.273063, -96.611665, 
 25.271832, -96.480351, 
 25.270432, -96.349041, 
 25.268862, -96.217736, 
 25.267123, -96.086436, 
 25.265215, -95.955141, 
 25.263137, -95.823853, 
 25.26089, -95.692572, 
 25.258473, -95.561298, 
 25.255888, -95.430032, 
 25.253133, -95.298775, 
 25.250208, -95.167526, 
 25.247115, -95.036287, 
 25.243852, -94.905058, 
 25.24042, -94.77384, 
 25.236819, -94.642632, 
 25.233049, -94.511436, 
 25.22911, -94.380253, 
 25.225002, -94.249082, 
 25.220724, -94.117924, 
 25.216278, -93.98678, 
 25.211663, -93.85565, 
 25.206879, -93.724535, 
 25.201925, -93.593436, 
 25.196804, -93.462352, 
 25.191513, -93.331285, 
 25.186053, -93.200234, 
 25.180425, -93.069201, 
 25.174628, -92.938186, 
 25.168663, -92.807189, 
 25.162529, -92.676212, 
 25.156226, -92.545254, 
 25.149755, -92.414316, 
 25.143115, -92.283399, 
 25.136307, -92.152503, 
 25.129331, -92.021628, 
 25.122187, -91.890776, 
 25.114874, -91.759946, 
 25.107393, -91.62914, 
 25.099744, -91.498357, 
 25.091927, -91.367599, 
 25.083942, -91.236865, 
 25.075789, -91.106157, 
 25.067469, -90.975474, 
 25.05898, -90.844818, 
 25.050324, -90.714189, 
 25.0415, -90.583587, 
 25.032509, -90.453013, 
 25.02335, -90.322467, 
 25.014024, -90.191951, 
 25.00453, -90.061464, 
 24.99487, -89.931006, 
 24.985873, -89.811615, 
 25.107149, -89.841013, 
 25.229436, -89.883062, 
 25.299162, -89.903246, 
 25.351229, -89.918128, 
 25.472704, -89.948613, 
 25.594979, -89.989112, 
 25.62425, -90.005726, 
 25.720733, -90.0771, 
 25.758472, -90.126085, 
 25.827651, -90.252535, 
 25.857907, -90.32616, 
 25.875483, -90.381023, 
 25.9189, -90.510018, 
 25.972716, -90.638273, 
 26.002243, -90.690693, 
 26.040899, -90.76551, 
 26.122193, -90.891897, 
 26.13606, -90.910406, 
 26.215171, -91.0176, 
 26.266017, -91.075889, 
 26.333479, -91.141624, 
 26.392608, -91.19015, 
 26.499619, -91.262371, 
 26.517277, -91.273969, 
 26.642449, -91.36698, 
 26.659418, -91.384074, 
 26.758272, -91.510697, 
 26.771974, -91.535483, 
 26.82073, -91.640216, 
 26.865283, -91.771173, 
 26.89765, -91.903095, 
 26.918527, -92.035876, 
 26.921781, -92.081503, 
 26.928332, -92.169431, 
 26.929147, -92.223576, 
 26.930479, -92.303493, 
 26.934399, -92.437442, 
 26.944665, -92.536063, 
 26.948917, -92.570755, 
 26.979752, -92.703149, 
 27.019149, -92.835146, 
 27.062384, -92.967049, 
 27.0868, -93.028243, 
 27.125864, -93.097993, 
 27.213524, -93.194139, 
 27.265512, -93.225153, 
 27.335715, -93.254009, 
 27.455688, -93.259266, 
 27.574333, -93.230755, 
 27.639919, -93.205497, 
 27.692324, -93.18563, 
 27.810182, -93.136984, 
 27.928572, -93.099974, 
 28.047714, -93.079804, 
 28.167445, -93.072595, 
 28.287209, -93.065172, 
 28.406101, -93.036019, 
 28.418177, -93.027525, 
 28.522264, -92.943521, 
 28.565575, -92.882494, 
 28.635607, -92.78817, 
 28.662509, -92.739906, 
 28.74778, -92.611174, 
 28.756315, -92.597155, 
 28.845448, -92.454354, 
 28.859594, -92.43206, 
 28.914139, -92.312543, 
 28.966213, -92.171582, 
 28.966966, -92.169298, 
 28.997562, -92.031833, 
 29.020389, -91.892558, 
 29.038141, -91.753556, 
 29.058179, -91.621344, 
 29.058944, -91.614257, 
 29.081021, -91.474773, 
 29.122452, -91.333714, 
 29.157859, -91.260172, 
 29.187479, -91.190641, 
 29.266362, -91.059706, 
 29.274192, -91.045577, 
 29.363664, -90.899956, 
 29.375907, -90.881104, 
 29.439026, -90.755183, 
 29.482933, -90.667353, 
 29.504697, -90.610959, 
 29.560764, -90.467327, 
 29.586684, -90.409935, 
 29.620682, -90.323131, 
 29.691738, -90.178994, 
 29.692384, -90.177625, 
 29.766115, -90.031643, 
 29.798334, -89.976365, 
 29.849807, -89.884425, 
 29.905643, -89.787618, 
 29.933388, -89.736891, 
 30.003713, -89.590351, 
 30.01078, -89.573254, 
 30.052264, -89.445734, 
 30.096549, -89.301368, 
 30.108245, -89.264402, 
 30.136815, -89.15724, 
 30.182488, -89.012369, 
 30.204376, -88.949088, 
 30.231197, -88.86698, 
 30.275698, -88.721859, 
 30.300109, -88.63912, 
 30.316801, -88.576937, 
 30.356738, -88.431974, 
 30.394608, -88.324282, 
 30.407523, -88.285584, 
 30.463336, -88.138384, 
 30.493466, -88.068069, 
 30.522972, -87.990495, 
 30.5769, -87.84306, 
 30.590854, -87.801495, 
 30.620929, -87.696627, 
 30.660543, -87.550566, 
 30.682346, -87.478338, 
 30.703333, -87.403926, 
 30.753259, -87.256174, 
 30.777189, -87.198922, 
 30.816146, -87.106498, 
 30.877895, -86.985305, 
 30.894725, -86.954456, 
 30.981984, -86.808912, 
 30.987517, -86.800148, 
 31.085739, -86.644697, 
 31.086889, -86.642774, 
 31.181626, -86.489154, 
 31.191287, -86.47365, 
 31.293088, -86.330985, 
 31.297649, -86.325107, 
 31.406061, -86.197474, 
 31.4317, -86.168395, 
 31.514327, -86.069299, 
 31.559285, -86.006828, 
 31.619341, -85.911674, 
 31.653639, -85.849675, 
 31.72066, -85.721648, 
 31.736806, -85.69381, 
 31.823323, -85.546064, 
 31.832005, -85.53573, 
 31.928854, -85.398031, 
 31.960487, -85.372029, 
 32.031341, -85.224274, 
 32.046278, -85.214527, 
 32.029865, -85.211299, 
 31.902581, -85.166331, 
 31.780803, -85.169186, 
 31.663663, -85.212286, 
 31.548068, -85.268636, 
 31.450774, -85.308199, 
 31.431523, -85.316477, 
 31.312545, -85.342776, 
 31.205164, -85.34645, 
 31.191094, -85.346915, 
 31.068353, -85.339608, 
 30.945465, -85.330694, 
 30.823372, -85.328425, 
 30.703036, -85.341228, 
 30.584956, -85.373487, 
 30.468628, -85.42079, 
 30.353125, -85.475029, 
 30.345067, -85.478682, 
 30.237687, -85.529942, 
 30.121118, -85.57453, 
 30.003578, -85.610175, 
 29.886359, -85.648341, 
 29.770383, -85.697221, 
 29.743827, -85.709445, 
 29.655159, -85.752817, 
 29.537615, -85.787296, 
 29.416466, -85.788971, 
 29.32714, -85.770972, 
 29.292451, -85.764589, 
 29.16727, -85.72981, 
 29.041368, -85.688193, 
 29.018057, -85.677644, 
 28.905334, -85.557503, 
 28.904527, -85.555969, 
 28.879533, -85.421284, 
 28.883599, -85.368935, 
 28.888872, -85.281423, 
 28.916551, -85.138669, 
 28.951985, -84.994582, 
 28.95748, -84.967248, 
 28.979892, -84.851521, 
 28.986458, -84.711745, 
 28.969185, -84.575771, 
 28.938587, -84.442001, 
 28.907457, -84.308395, 
 28.881982, -84.173923, 
 28.861775, -84.03862, 
 28.840902, -83.90347, 
 28.807972, -83.778158, 
 28.804799, -83.770975, 
 28.696206, -83.651103, 
 28.66668, -83.628629, 
 28.536185, -83.560964, 
 28.501921, -83.54645, 
 28.403419, -83.476752, 
 28.345589, -83.43566, 
 28.261756, -83.327542, 
 28.251156, -83.314386, 
 28.171462, -83.190744, 
 28.105106, -83.072098, 
 28.101887, -83.065519, 
 28.01908, -82.942863, 
 27.948385, -82.821016, 
 27.946763, -82.818537, 
 27.847065, -82.699421, 
 27.80351, -82.656777, 
 27.673482, -82.596456, 
 27.64924, -82.598697, 
 27.553993, -82.60901, 
 27.52716, -82.621176, 
 27.442633, -82.677573, 
 27.342199, -82.791538, 
 27.338803, -82.798308, 
 27.267593, -82.941312, 
 27.246003, -82.997572, 
 27.199782, -83.089574, 
 27.149824, -83.174595, 
 27.080668, -83.246559, 
 27.043395, -83.279016, 
 26.93144, -83.343739, 
 26.817907, -83.396717, 
 26.722539, -83.444347, 
 26.704848, -83.452845, 
 26.592541, -83.514417, 
 26.47926, -83.568535, 
 26.363861, -83.606792, 
 26.245948, -83.626273, 
 26.125452, -83.626443, 
 26.002351, -83.607116, 
 25.914991, -83.582319, 
 25.876951, -83.57068, 
 25.749815, -83.521556, 
 25.674999, -83.489387, 
 25.620895, -83.459377, 
 25.497207, -83.386374, 
 25.489538, -83.379676, 
 25.355566, -83.277571, 
 25.354876, -83.276766, 
 25.220836, -83.178901, 
 25.196235, -83.172195, 
 25.095573, -83.143069, 
 24.976415, -83.14971, 
 24.857575, -83.158174, 
 24.735652, -83.14457, 
 24.691876, -83.127219, 
 24.608584, -83.094812, 
 24.507181, -83.027432, 
 24.475547, -83.003495, 
 24.376699, -82.918585, 
 24.337699, -82.879611, 
 24.232034, -82.812573, 
 24.205574, -82.795446, 
 24.18984, -82.688708, 
 24.170813, -82.56078, 
 24.151624, -82.432911, 
 24.132276, -82.3051, 
 24.112767, -82.177348, 
 24.093098, -82.049656, 
 24.073269, -81.922024, 
 24.05328, -81.794453, 
 24.033131, -81.666942, 
 24.012822, -81.539493, 
 23.992355, -81.412105, 
 23.971728, -81.28478, 
 23.950941, -81.157517, 
 23.929996, -81.030318, 
 23.908893, -80.903182, 
 23.88763, -80.77611, 
 23.866209, -80.649103, 
 23.84463, -80.52216, 
 23.822893, -80.395283, 
 23.800998, -80.268471, 
 23.778945, -80.141726, 
 23.756734, -80.015047, 
 23.734366, -79.888435, 
 23.711841, -79.761891, 
 23.689159, -79.635414, 
 23.666319, -79.509006, 
 23.643324, -79.382666, 
 23.620171, -79.256396, 
 23.596862, -79.130195, 
 23.573397, -79.004064, 
 23.549777, -78.878004, 
 23.526, -78.752014, 
 23.502067, -78.626096, 
 23.492607, -78.576668, 
 23.603338, -78.525761, 
 23.677997, -78.454485, 
 23.702979, -78.416885, 
 23.72628, -78.311658, 
 23.711355, -78.183338, 
 23.667648, -78.061767, 
 23.611791, -77.943154, 
 23.609715, -77.938954, 
 23.54661, -77.826865, 
 23.494366, -77.707653, 
 23.461578, -77.583896, 
 23.456872, -77.453427, 
 23.48719, -77.329396, 
 23.489567, -77.313851, 
 23.534027, -77.171228, 
 23.562473, -77.107614, 
 23.58621, -77.026507, 
 23.635336, -76.882325, 
 23.636054, -76.879372, 
 23.665145, -76.74275, 
 23.672197, -76.60878, 
 23.634996, -76.485968, 
 23.559227, -76.373065, 
 23.519218, -76.327661, 
 23.468496, -76.26417, 
 23.371164, -76.15719, 
 23.358298, -76.143096, 
 23.267433, -76.052081, 
 23.196027, -75.954152, 
 23.182475, -75.942353, 
 23.189691, -75.925266, 
 23.249388, -75.79315, 
 23.277558, -75.77431, 
 23.383553, -75.705661, 
 23.493807, -75.655965, 
 23.610062, -75.633045, 
 23.727598, -75.615594, 
 23.836154, -75.557414, 
 23.876127, -75.495277, 
 23.917819, -75.378606, 
 23.922924, -75.349772, 
 23.923197, -75.216614, 
 23.930838, -75.08141, 
 23.956831, -75.012733, 
 24.021361, -74.923437, 
 24.046972, -74.874168, 
 24.067246, -74.777389, 
 24.037744, -74.652065, 
 24.006883, -74.527167, 
 24.066325, -74.431013, 
 24.180663, -74.398095, 
 24.298502, -74.379875, 
 24.415871, -74.359358, 
 24.532767, -74.336542, 
 24.649727, -74.313715, 
 24.768035, -74.296368, 
 24.835353, -74.293997, 
 24.889577, -74.292605, 
 25.013325, -74.298096, 
 25.136802, -74.302122, 
 25.259118, -74.300876, 
 25.293492, -74.29899, 
 25.379612, -74.291637, 
 25.498546, -74.275445, 
 25.615404, -74.25005, 
 25.728993, -74.210342, 
 25.840249, -74.160358, 
 25.952841, -74.115879, 
 26.069573, -74.088931, 
 26.190458, -74.079541, 
 26.31486, -74.084966, 
 26.439019, -74.106302, 
 26.443258, -74.107242, 
 26.574721, -74.14275, 
 26.686224, -74.172403, 
 26.70642, -74.179037, 
 26.835422, -74.203681, 
 26.95959, -74.207102, 
 27.077758, -74.197084, 
 27.080699, -74.197011, 
 27.202944, -74.191744, 
 27.327485, -74.196202, 
 27.452573, -74.202767, 
 27.556697, -74.196654, 
 27.574943, -74.197285, 
 27.692993, -74.172802, 
 27.806783, -74.129469, 
 27.846974, -74.111657, 
 27.919811, -74.082634, 
 28.033405, -74.03807, 
 28.147674, -73.996222, 
 28.262617, -73.957075, 
 28.378321, -73.921007, 
 28.495436, -73.890832, 
 28.615316, -73.872401, 
 28.654683, -73.872231, 
 28.740304, -73.876013, 
 28.870033, -73.90007, 
 28.952281, -73.924919, 
 29.005054, -73.947096, 
 29.141831, -74.001817, 
 29.155938, -74.006173, 
 29.278581, -74.056635, 
 29.405803, -74.069316, 
 29.447201, -74.06168, 
 29.527313, -74.05675, 
 29.5953, -74.017332, 
 29.638538, -73.998534, 
 29.74885, -73.936231, 
 29.860335, -73.8789, 
 29.976077, -73.840072, 
 30.096077, -73.819729, 
 30.218458, -73.809626, 
 30.297899, -73.804843, 
 30.359438, -73.881411, 
 30.395136, -73.919766, 
 30.371995, -73.936871, 
 30.265193, -74.016129, 
 30.157693, -74.092118, 
 30.048934, -74.162343, 
 30.025954, -74.175228, 
 29.936575, -74.216476, 
 29.822592, -74.263185, 
 29.70859, -74.309615, 
 29.596463, -74.364248, 
 29.487183, -74.431451, 
 29.378947, -74.503149, 
 29.356521, -74.516417, 
 29.268198, -74.563522, 
 29.155286, -74.613977, 
 29.040574, -74.656097, 
 28.924893, -74.69363, 
 28.809422, -74.731892, 
 28.695123, -74.775238, 
 28.582173, -74.824483, 
 28.469741, -74.875858, 
 28.356073, -74.921425, 
 28.238629, -74.949663, 
 28.114776, -74.948612, 
 27.983953, -74.915692, 
 27.97757, -74.913635, 
 27.85351, -74.884586, 
 27.725199, -74.862826, 
 27.656274, -74.865074, 
 27.603061, -74.868711, 
 27.487925, -74.905854, 
 27.462806, -74.919785, 
 27.37899, -74.970757, 
 27.271448, -75.041783, 
 27.158406, -75.08774, 
 27.037525, -75.098002, 
 26.912524, -75.089352, 
 26.864388, -75.087535, 
 26.789585, -75.089867, 
 26.671723, -75.11304, 
 26.560382, -75.165326, 
 26.547736, -75.175424, 
 26.456642, -75.251931, 
 26.356561, -75.354971, 
 26.344653, -75.36847, 
 26.259419, -75.471636, 
 26.19652, -75.54562, 
 26.16487, -75.600311, 
 26.105928, -75.706626, 
 26.097166, -75.845404, 
 26.179228, -75.959981, 
 26.251775, -76.003555, 
 26.336743, -76.054804, 
 26.390827, -76.081216, 
 26.499361, -76.148644, 
 26.531516, -76.166845, 
 26.662402, -76.242748, 
 26.671015, -76.247096, 
 26.804385, -76.298418, 
 26.89075, -76.320074, 
 26.934063, -76.331944, 
 27.062003, -76.35709, 
 27.185525, -76.380446, 
 27.18985, -76.381492, 
 27.316547, -76.400393, 
 27.442043, -76.413206, 
 27.529551, -76.428369, 
 27.57151, -76.445049, 
 27.675838, -76.528686, 
 27.720504, -76.655841, 
 27.706751, -76.798194, 
 27.663393, -76.895436, 
 27.633602, -76.955684, 
 27.571723, -77.050138, 
 27.51919, -77.123311, 
 27.483799, -77.22435, 
 27.471132, -77.273721, 
 27.513833, -77.401217, 
 27.521325, -77.41414, 
 27.577109, -77.52368, 
 27.624132, -77.650325, 
 27.65085, -77.782069, 
 27.664353, -77.917083, 
 27.667294, -78.054661, 
 27.659407, -78.129912, 
 27.652513, -78.196461, 
 27.595044, -78.348338, 
 27.581977, -78.368884, 
 27.483485, -78.496632, 
 27.466968, -78.516612, 
 27.38345, -78.616467, 
 27.327894, -78.686871, 
 27.285173, -78.746085, 
 27.203035, -78.853227, 
 27.186779, -78.875419, 
 27.085767, -78.9908, 
 27.049845, -79.025493, 
 26.98298, -79.096617, 
 26.883295, -79.200098, 
 26.880425, -79.20371, 
 26.781592, -79.331977, 
 26.753576, -79.365706, 
 26.685114, -79.47389, 
 26.641548, -79.526837, 
 26.589563, -79.621645, 
 26.528541, -79.6877, 
 26.495035, -79.77594, 
 26.435262, -79.843798, 
 26.517057, -79.902615, 
 26.552184, -79.954255, 
 26.653657, -79.989969, 
 26.771597, -80.042997, 
 26.784789, -80.045638, 
 26.91013, -80.067615, 
 27.033704, -80.078913, 
 27.156471, -80.085154, 
 27.198648, -80.087626, 
 27.278593, -80.087426, 
 27.399912, -80.084734, 
 27.520411, -80.076903, 
 27.639957, -80.063154, 
 27.758694, -80.04434, 
 27.877145, -80.023554, 
 27.996068, -80.005251, 
 28.115825, -79.991554, 
 28.235766, -79.978653, 
 28.35471, -79.959607, 
 28.472797, -79.935251, 
 28.592305, -79.918955, 
 28.605353, -79.91941, 
 28.715317, -79.923151, 
 28.842032, -79.948961, 
 28.955147, -79.981971, 
 28.971517, -79.990925, 
 29.097385, -80.090725, 
 29.111887, -80.227654, 
 29.109435, -80.368247, 
 29.116334, -80.506795, 
 29.140869, -80.641589, 
 29.181777, -80.772984, 
 29.231392, -80.902665, 
 29.251794, -80.957121, 
 29.283655, -81.031918, 
 29.322897, -81.163987, 
 29.343267, -81.300006, 
 29.34897, -81.439027, 
 29.349983, -81.578973, 
 29.350504, -81.592454, 
 29.357428, -81.717602, 
 29.362321, -81.856722, 
 29.355574, -81.998094, 
 29.351259, -82.138939, 
 29.379615, -82.273474, 
 29.430017, -82.403884, 
 29.472882, -82.535852, 
 29.500906, -82.670701, 
 29.522615, -82.80678, 
 29.536301, -82.866656, 
 29.555135, -82.940917, 
 29.62484, -83.068368, 
 29.696429, -83.143471, 
 29.751644, -83.185716, 
 29.832339, -83.24635, 
 29.956106, -83.289489, 
 29.960475, -83.29203, 
 29.977158, -83.285704, 
 30.077602, -83.256101, 
 30.186573, -83.15978, 
 30.235146, -83.097913, 
 30.290864, -83.029289, 
 30.353091, -82.934812, 
 30.390239, -82.863853, 
 30.426101, -82.779596, 
 30.463162, -82.630858, 
 30.470901, -82.566406, 
 30.476412, -82.486487, 
 30.476715, -82.344524, 
 30.479213, -82.202098, 
 30.500407, -82.055956, 
 30.514119, -82.015846, 
 30.571966, -81.899685, 
 30.611832, -81.847785, 
 30.720148, -81.752095, 
 30.750196, -81.72163, 
 30.823168, -81.621204, 
 30.852446, -81.558223, 
 30.91307, -81.403894, 
 30.913682, -81.402804, 
 31.015182, -81.268836, 
 31.132979, -81.236549, 
 31.259824, -81.263391, 
 31.367559, -81.308817, 
 31.390673, -81.316335, 
 31.518823, -81.351737, 
 31.647851, -81.392687, 
 31.650726, -81.393997, 
 31.78088, -81.460651, 
 31.829468, -81.501412, 
 31.918557, -81.62774, 
 31.93744, -81.687746, 
 31.9625, -81.763516, 
 31.966046, -81.883212, 
 31.967032, -81.907365, 
 31.941802, -82.057125, 
 31.900205, -82.209993, 
 31.901343, -82.287862, 
 31.898104, -82.354929, 
 31.913312, -82.372546, 
 31.979407, -82.483645, 
 32.068074, -82.602393, 
 32.073875, -82.610079, 
 32.187553, -82.733112, 
 32.211166, -82.750916, 
 32.335714, -82.764671, 
 32.449423, -82.698691, 
 32.468494, -82.679207, 
 32.556329, -82.583401, 
 32.655806, -82.497203, 
 32.66601, -82.488301, 
 32.77994, -82.424184, 
 32.897078, -82.382924, 
 33.0159, -82.353555, 
 33.137283, -82.342374, 
 33.261843, -82.353794, 
 33.342698, -82.36188, 
 33.386714, -82.367372, 
 33.508707, -82.360114, 
 33.629482, -82.343834, 
 33.754138, -82.355476, 
 33.858381, -82.406987, 
 33.88853, -82.43778, 
 33.961469, -82.534802, 
 33.982783, -82.678976, 
 33.935949, -82.787974, 
 33.894718, -82.844384, 
 33.82846, -82.904153, 
 33.716017, -82.983307, 
 33.645033, -83.040182, 
 33.604733, -83.071268, 
 33.496272, -83.181032, 
 33.460681, -83.222423, 
 33.388423, -83.295907, 
 33.277483, -83.387154, 
 33.242877, -83.409919, 
 33.164163, -83.460245, 
 33.050968, -83.534295, 
 32.971838, -83.605971, 
 32.941435, -83.636961, 
 32.836268, -83.774453, 
 32.834685, -83.776718, 
 32.733683, -83.933578, 
 32.727918, -83.941454, 
 32.629325, -84.079711, 
 32.602804, -84.108886, 
 32.522214, -84.204435, 
 32.455665, -84.279517, 
 32.416858, -84.34416, 
 32.376441, -84.437985, 
 32.350531, -84.587189, 
 32.339514, -84.719724, 
 32.338279, -84.734005, 
 32.312652, -84.882915, 
 32.264448, -85.035345, 
 32.261155, -85.097109, 
 32.223032, -85.186463, 
 32.273439, -85.204652, 
 32.365564, -85.308439, 
 32.411763, -85.347552, 
 32.474726, -85.436064, 
 32.500389, -85.576939, 
 32.475478, -85.725597, 
 32.460187, -85.787644, 
 32.445994, -85.874815, 
 32.438236, -86.020661, 
 32.446114, -86.164158, 
 32.442227, -86.30936, 
 32.402925, -86.404271, 
 32.320659, -86.471311, 
 32.28942, -86.487481, 
 32.169434, -86.507024, 
 32.050319, -86.534903, 
 31.935813, -86.608116, 
 31.8773, -86.67766, 
 31.827595, -86.744117, 
 31.77605, -86.83503, 
 31.724043, -86.928671, 
 31.693603, -86.989432, 
 31.62099, -87.120848, 
 31.608204, -87.143875, 
 31.51594, -87.294824, 
 31.51318, -87.29921, 
 31.4153, -87.454508, 
 31.410142, -87.463214, 
 31.334248, -87.607264, 
 31.30779, -87.671477, 
 31.279041, -87.756471, 
 31.241186, -87.903321, 
 31.214884, -87.989124, 
 31.197802, -88.050672, 
 31.153414, -88.197954, 
 31.121421, -88.310148, 
 31.113241, -88.34456, 
 31.091663, -88.488855, 
 31.07316, -88.632705, 
 31.047763, -88.777234, 
 31.041455, -88.80647, 
 31.022666, -88.92161, 
 30.998525, -89.065772, 
 30.970716, -89.210216, 
 30.956694, -89.26905, 
 30.941195, -89.354711, 
 30.901673, -89.500093, 
 30.859675, -89.590192, 
 30.831044, -89.648412, 
 30.751605, -89.769382, 
 30.73071, -89.799345, 
 30.642167, -89.93264, 
 30.631813, -89.949741, 
 30.55186, -90.097969, 
 30.534734, -90.127719, 
 30.471153, -90.245949, 
 30.426646, -90.317469, 
 30.380415, -90.394512, 
 30.317473, -90.494741, 
 30.289607, -90.542726, 
 30.209041, -90.686972, 
 30.207561, -90.689836, 
 30.137341, -90.835629, 
 30.10168, -90.901607, 
 30.060084, -90.981729, 
 29.993314, -91.105166, 
 29.981434, -91.127644, 
 29.906893, -91.272933, 
 29.884741, -91.311043, 
 29.82254, -91.418685, 
 29.77456, -91.494483, 
 29.730639, -91.564678, 
 29.664239, -91.679824, 
 29.647612, -91.70968, 
 29.586164, -91.852842, 
 29.557496, -91.937966, 
 29.538781, -91.994805, 
 29.505529, -92.135638, 
 29.464831, -92.276831, 
 29.455357, -92.299687, 
 29.39755, -92.419552, 
 29.345384, -92.518467, 
 29.318396, -92.562755, 
 29.266687, -92.704024, 
 29.239588, -92.838923, 
 29.238671, -92.843728, 
 29.220933, -92.982743, 
 29.211678, -93.121223, 
 29.206815, -93.259431, 
 29.201615, -93.397629, 
 29.197226, -93.535761, 
 29.197511, -93.673646, 
 29.194904, -93.811656, 
 29.168032, -93.950722, 
 29.162893, -93.962198, 
 29.10278, -94.091313, 
 29.048994, -94.159364, 
 28.98672, -94.233733, 
 28.933214, -94.304145, 
 28.895863, -94.374759, 
 28.855246, -94.513601, 
 28.833726, -94.651622, 
 28.824697, -94.715679, 
 28.81816, -94.789362, 
 28.799755, -94.927132, 
 28.775459, -95.065013, 
 28.756403, -95.202656, 
 28.748753, -95.339923, 
 28.736532, -95.477275, 
 28.722864, -95.524511, 
 28.699518, -95.615159, 
 28.60679, -95.751194, 
 28.603667, -95.754185, 
 28.48812, -95.838631, 
 28.36869, -95.876195, 
 28.254412, -95.8979, 
 28.249069, -95.899333, 
 28.129934, -95.954409, 
 28.029554, -96.03815, 
 28.011526, -96.057817, 
 27.928189, -96.175616, 
 27.893847, -96.225475, 
 27.840372, -96.31254, 
 27.776146, -96.410862, 
 27.753192, -96.449158, 
 27.67046, -96.585432, 
 27.658243, -96.604828, 
 27.595372, -96.721355, 
 27.540088, -96.810655, 
 27.515214, -96.857067, 
 27.437692, -96.992494, 
 27.421599, -97.018617, 
 27.363894, -97.127647, 
 27.302743, -97.230696, 
 27.286071, -97.262567, 
 27.240626, -97.39719, 
 27.227504, -97.531675, 
 27.232688, -97.666154, 
 27.23438, -97.800638, 
 27.221149, -97.935049, 
 27.187379, -98.069274, 
 27.18188, -98.083503, 
 27.143644, -98.203305, 
 27.068972, -98.336877, 
 27.060512, -98.3488, 
 26.96896, -98.469909, 
 26.939571, -98.509372, 
 26.879466, -98.602759, 
 26.838481, -98.736052, 
 26.829813, -98.869753, 
 26.818348, -99.003377, 
 26.813912, -99.01771, 
 26.776244, -99.136357, 
 26.69101, -99.238935, 
 26.652173, -99.267442, 
 26.570244, -99.320207, 
 26.449669, -99.391464, 
 26.444056, -99.396197, 
 26.362238, -99.527406, 
 26.343239, -99.660003, 
 26.350983, -99.793287, 
 26.356141, -99.926524, 
 26.350789, -100.059457, 
 26.343927, -100.192328, 
 26.338536, -100.325234, 
 26.3191, -100.457624, 
 26.304138, -100.494783, 
 26.259549, -100.588456, 
 26.17976, -100.665812, 
 26.059292, -100.707355, 
 25.940354, -100.700801, 
 25.822471, -100.661557, 
 25.705656, -100.589126, 
 25.677843, -100.566812, 
 25.589238, -100.502862, 
 25.490741, -100.428169, 
 25.472834, -100.416403, 
 25.355713, -100.354005, 
 25.23806, -100.312396, 
 25.238745, -100.287975, 
End:

Polygon:
 28.196061, -87.305466, 78, 176, 231, 90

 28.19799, -87.168293, 
 28.226641, -87.127427, 
 28.298876, -87.155374, 
 28.327146, -87.288901, 
 28.250042, -87.364913, 
 28.196061, -87.305466, 
End:

Polygon:
 29.373898, -79.748659, 78, 176, 231, 90

 29.402716, -79.644257, 
 29.410186, -79.599753, 
 29.494613, -79.465249, 
 29.512919, -79.435491, 
 29.596731, -79.346253, 
 29.703104, -79.251753, 
 29.705822, -79.249923, 
 29.814413, -79.185736, 
 29.929812, -79.142845, 
 30.049232, -79.122652, 
 30.172767, -79.141323, 
 30.175894, -79.143508, 
 30.24778, -79.266163, 
 30.242967, -79.409637, 
 30.22838, -79.446615, 
 30.157459, -79.571473, 
 30.131521, -79.598903, 
 30.01925, -79.661136, 
 29.901949, -79.693527, 
 29.784027, -79.722009, 
 29.667429, -79.758056, 
 29.550816, -79.793766, 
 29.428374, -79.794847, 
 29.373898, -79.748659, 
End:

Polygon:
 30.471231, -78.785507, 78, 176, 231, 90

 30.476815, -78.755758, 
 30.520788, -78.630586, 
 30.570842, -78.592271, 
 30.685873, -78.546256, 
 30.803167, -78.512604, 
 30.919953, -78.475916, 
 31.035829, -78.433964, 
 31.15131, -78.389617, 
 31.266692, -78.344521, 
 31.382197, -78.29991, 
 31.498832, -78.261366, 
 31.618621, -78.240114, 
 31.743276, -78.245626, 
 31.871882, -78.272813, 
 31.930611, -78.284529, 
 31.999938, -78.296939, 
 32.123046, -78.293428, 
 32.239962, -78.255158, 
 32.351035, -78.184121, 
 32.359425, -78.176929, 
 32.457348, -78.08686, 
 32.549142, -77.981943, 
 32.559967, -77.969137, 
 32.661227, -77.844416, 
 32.700449, -77.79585, 
 32.76399, -77.728196, 
 32.87144, -77.637631, 
 32.984208, -77.57586, 
 33.060651, -77.554229, 
 33.102233, -77.542542, 
 33.106983, -77.542059, 
 33.224337, -77.531223, 
 33.348566, -77.531283, 
 33.472281, -77.528373, 
 33.593498, -77.511708, 
 33.71214, -77.480891, 
 33.830007, -77.445706, 
 33.950074, -77.422316, 
 34.07643, -77.432916, 
 34.078351, -77.433654, 
 34.217964, -77.546696, 
 34.224273, -77.561296, 
 34.273283, -77.682456, 
 34.293567, -77.827588, 
 34.293294, -77.944581, 
 34.293283, -77.978114, 
 34.271883, -78.13403, 
 34.216625, -78.2133, 
 34.107774, -78.300497, 
 33.992314, -78.349956, 
 33.920566, -78.373994, 
 33.874473, -78.38571, 
 33.755668, -78.415816, 
 33.636874, -78.44583, 
 33.518092, -78.47575, 
 33.399323, -78.505578, 
 33.305297, -78.677404, 
 33.186512, -78.706839, 
 33.092204, -78.877946, 
 33.116484, -79.019798, 
 33.140581, -79.16174, 
 33.164497, -79.30377, 
 33.188229, -79.445887, 
 33.211779, -79.588093, 
 33.235145, -79.730384, 
 33.258329, -79.872762, 
 33.281328, -80.015225, 
 33.300988, -80.138053, 
 33.18007, -80.154242, 
 33.055662, -80.148423, 
 32.924291, -80.098873, 
 32.921653, -80.097587, 
 32.791641, -80.041814, 
 32.665317, -80.023766, 
 32.61957, -80.019698, 
 32.540789, -80.016817, 
 32.413985, -79.995769, 
 32.284657, -79.958966, 
 32.266942, -79.953993, 
 32.15658, -79.930036, 
 32.026722, -79.890069, 
 31.992212, -79.871122, 
 31.891253, -79.81622, 
 31.8245, -79.764308, 
 31.749065, -79.702265, 
 31.689436, -79.650409, 
 31.604499, -79.575021, 
 31.558601, -79.535903, 
 31.460195, -79.450413, 
 31.426377, -79.422082, 
 31.315659, -79.32548, 
 31.295294, -79.308358, 
 31.170496, -79.197932, 
 31.166201, -79.194526, 
 31.028867, -79.082994, 
 31.027038, -79.081313, 
 30.888448, -78.993459, 
 30.854038, -78.980737, 
 30.753902, -78.929073, 
 30.624547, -78.894109, 
 30.619306, -78.893215, 
 30.48448, -78.798842, 
 30.471231, -78.785507, 
End:

Polygon:
 34.570432, -78.105919, 78, 176, 231, 90

 34.636563, -78.039338, 
 34.677478, -78.008096, 
 34.790854, -77.946228, 
 34.90999, -77.916702, 
 35.035924, -77.925357, 
 35.052259, -77.930309, 
 35.168618, -77.972512, 
 35.271334, -78.024755, 
 35.307167, -78.053109, 
 35.423498, -78.137299, 
 35.454451, -78.184577, 
 35.51979, -78.264839, 
 35.544293, -78.41126, 
 35.515245, -78.538401, 
 35.509676, -78.572897, 
 35.464492, -78.736994, 
 35.440988, -78.834458, 
 35.435363, -78.896808, 
 35.331634, -78.922866, 
 35.307157, -78.776857, 
 35.282492, -78.630942, 
 35.257639, -78.485124, 
 35.232598, -78.339403, 
 35.207369, -78.193779, 
 35.063054, -78.079416, 
 34.944161, -78.11048, 
 34.825274, -78.141446, 
 34.706394, -78.172315, 
 34.587522, -78.203087, 
 34.496298, -78.226629, 
 34.570432, -78.105919, 
End:

Polygon:
 36.658424, -82.290222, 78, 176, 231, 90

 36.645678, -82.139018, 
 36.67371, -82.06685, 
 36.747831, -81.963424, 
 36.779311, -81.935408, 
 36.892129, -81.857328, 
 37.005231, -81.781233, 
 37.067423, -81.7403, 
 37.119518, -81.713844, 
 37.237003, -81.669698, 
 37.357962, -81.650514, 
 37.393053, -81.66942, 
 37.365918, -81.708196, 
 37.301243, -81.844829, 
 37.267357, -81.890809, 
 37.209719, -82.019681, 
 37.173198, -82.107755, 
 37.143054, -82.188808, 
 37.076863, -82.310724, 
 37.017726, -82.369773, 
 36.965823, -82.404167, 
 36.843523, -82.412546, 
 36.827745, -82.409148, 
 36.710156, -82.337777, 
 36.658424, -82.290222, 
End:

Polygon:
 38.873536, -86.401601, 78, 176, 231, 90

 38.883618, -86.287596, 
 38.890997, -86.241228, 
 38.989821, -86.115403, 
 39.109017, -86.078657, 
 39.234713, -86.109357, 
 39.330123, -86.171431, 
 39.369508, -86.23544, 
 39.411455, -86.317235, 
 39.388622, -86.438269, 
 39.376168, -86.481525, 
 39.279123, -86.580249, 
 39.161452, -86.634294, 
 39.037868, -86.624298, 
 38.938888, -86.549148, 
 38.901261, -86.474369, 
 38.873536, -86.401601, 
End:

Polygon:
 38.860446, -80.069401, 78, 176, 231, 90

 38.863218, -80.063308, 
 38.964585, -79.912061, 
 39.080594, -79.858428, 
 39.216005, -79.934132, 
 39.253041, -79.972206, 
 39.235208, -80.062953, 
 39.19459, -80.146764, 
 39.130346, -80.192149, 
 39.012453, -80.23345, 
 38.890281, -80.221371, 
 38.881633, -80.187211, 
 38.860446, -80.069401, 
End:

Polygon:
 39.830263, -87.84668, 78, 176, 231, 90

 39.789395, -87.692908, 
 39.854867, -87.553733, 
 39.973837, -87.51138, 
 40.06835, -87.653922, 
 40.028653, -87.819408, 
 40.001962, -87.854393, 
 39.882121, -87.886732, 
 39.830263, -87.84668, 
End:

Polygon:
 41.731417, -84.293418, 78, 176, 231, 90

 41.678637, -84.13908, 
 41.640255, -83.982096, 
 41.616181, -83.822383, 
 41.60709, -83.659703, 
 41.608543, -83.494861, 
 41.614374, -83.329061, 
 41.62511, -83.172543, 
 41.626164, -83.161939, 
 41.655907, -82.990876, 
 41.708157, -82.834612, 
 41.725675, -82.811002, 
 41.816488, -82.711384, 
 41.940103, -82.714957, 
 41.980419, -82.755844, 
 42.047579, -82.907047, 
 42.084554, -83.064945, 
 42.117522, -83.173399, 
 42.131305, -83.22091, 
 42.199881, -83.372478, 
 42.279149, -83.522119, 
 42.280926, -83.52514, 
 42.36674, -83.670344, 
 42.436714, -83.81904, 
 42.438371, -83.822172, 
 42.503275, -83.975612, 
 42.545744, -84.133772, 
 42.573481, -84.294982, 
 42.592503, -84.457971, 
 42.605319, -84.622197, 
 42.607801, -84.788396, 
 42.586084, -84.959076, 
 42.563976, -85.025903, 
 42.490119, -85.143216, 
 42.456788, -85.180242, 
 42.337144, -85.210199, 
 42.274063, -85.182657, 
 42.208858, -85.1535, 
 42.107574, -85.047527, 
 42.070116, -84.994036, 
 42.012708, -84.899752, 
 41.94059, -84.748096, 
 41.916894, -84.697568, 
 41.864314, -84.597502, 
 41.793949, -84.446082, 
 41.757502, -84.351676, 
 41.731417, -84.293418, 
End:

