Title: Most-unstable CAPE (J/kg) 10Z HRRR | F01 Valid: 11Z Sun Apr 11 2021
RefreshSeconds: 60
Color: 221 86 78 255
Line: 2, 0, "100.0"
 23.87, -73.76
 23.92, -73.81
 23.98, -73.87
 24.07, -73.91
 24.15, -73.95
 24.2, -73.97
 24.33, -74.0
 24.41, -74.01
 24.46, -74.02
 24.58, -74.02
 24.71, -74.03
 24.78, -74.04
 24.83, -74.05
 24.96, -74.06
 25.08, -74.08
 25.11, -74.08
 25.21, -74.09
 25.33, -74.08
 25.45, -74.07
 25.57, -74.04
 25.68, -73.99
 25.79, -73.94
 25.9, -73.9
 26.02, -73.87
 26.14, -73.87
 26.26, -73.87
 26.31, -73.87
 26.39, -73.87
 26.51, -73.85
 26.63, -73.84
 26.75, -73.82
 26.87, -73.8
 26.99, -73.79
 27.05, -73.79
 27.11, -73.79
 27.23, -73.79
 27.36, -73.79
 27.48, -73.79
 27.52, -73.79
 27.6, -73.78
 27.72, -73.77
 27.84, -73.75
 27.96, -73.73
 28.08, -73.7
 28.2, -73.68
 28.32, -73.67
 28.44, -73.65
 28.45, -73.65
 28.56, -73.64
 28.68, -73.63
 28.81, -73.63
 28.93, -73.64
 28.97, -73.64
 29.06, -73.63
 29.18, -73.63
 29.3, -73.62
 29.42, -73.6
 29.54, -73.58
 29.66, -73.54
 29.77, -73.5
 29.89, -73.46
 30.0, -73.42
 30.12, -73.38
 30.24, -73.34
 30.35, -73.31
 30.47, -73.27
 30.58, -73.23
 30.7, -73.18
 30.81, -73.13
 30.92, -73.07
 31.02, -73.0
 31.03, -72.99
 31.13, -72.9
 31.24, -72.81
 31.28, -72.77
 31.34, -72.72
 31.45, -72.63
 31.56, -72.56
 31.67, -72.5
 31.69, -72.49
 31.78, -72.44
 31.89, -72.4
 32.01, -72.35
 32.12, -72.31
 32.24, -72.28
 32.36, -72.25
 32.46, -72.23
 32.48, -72.23
 32.6, -72.21
 32.72, -72.19
 32.85, -72.17
 32.97, -72.15
 33.09, -72.13
 33.21, -72.12
 33.25, -72.12
 33.33, -72.11
 33.46, -72.08
 33.57, -72.05
 33.69, -72.02
 33.81, -71.97
 33.92, -71.92
 34.03, -71.86
 34.05, -71.85
 34.14, -71.78
 34.25, -71.69
 34.35, -71.6
 34.39, -71.58
 34.46, -71.51
 34.56, -71.43
 34.67, -71.36
 34.78, -71.3
 34.84, -71.26
 34.89, -71.22
 35.0, -71.13
 35.08, -71.02
 35.09, -70.99
 35.14, -70.84
 35.15, -70.71
 35.15, -70.68
 35.11, -70.54
 35.11, -70.53
 35.04, -70.41
 34.98, -70.28
 34.93, -70.15
End:

Color: 221 86 78 255
Line: 2, 0, "100.0"
 39.32, -68.4
 39.39, -68.54
 39.48, -68.67
 39.5, -68.69
 39.57, -68.79
 39.64, -68.93
 39.68, -69.08
 39.7, -69.24
 39.69, -69.41
 39.68, -69.45
 39.66, -69.59
 39.62, -69.72
 39.61, -69.77
 39.56, -69.96
 39.55, -69.98
 39.51, -70.14
 39.48, -70.22
 39.45, -70.33
 39.41, -70.46
 39.4, -70.51
 39.37, -70.69
 39.35, -70.75
 39.34, -70.87
 39.3, -71.05
 39.3, -71.06
 39.24, -71.23
 39.22, -71.28
 39.15, -71.43
 39.14, -71.47
 39.07, -71.63
 39.05, -71.66
 39.01, -71.81
 38.98, -71.91
 38.97, -71.99
 38.95, -72.16
 38.95, -72.32
 38.96, -72.4
 38.97, -72.48
 39.0, -72.63
 39.03, -72.73
 39.05, -72.77
 39.1, -72.92
 39.16, -73.06
 39.22, -73.2
 39.28, -73.28
 39.32, -73.33
 39.42, -73.38
 39.55, -73.41
 39.56, -73.42
 39.69, -73.44
 39.79, -73.49
 39.83, -73.51
 39.94, -73.6
 39.98, -73.65
 40.06, -73.73
 40.14, -73.83
 40.18, -73.85
 40.28, -73.89
 40.41, -73.9
 40.46, -73.92
 40.55, -73.97
 40.62, -74.03
 40.7, -74.17
 40.74, -74.28
 40.75, -74.32
 40.78, -74.47
 40.78, -74.52
 40.79, -74.64
 40.77, -74.81
 40.73, -74.9
 40.65, -75.02
 40.63, -75.03
 40.51, -75.08
 40.46, -75.08
 40.39, -75.07
 40.26, -75.05
 40.13, -75.04
 40.02, -75.11
 39.94, -75.25
 39.93, -75.3
 39.92, -75.42
 39.93, -75.58
 39.95, -75.73
 40.0, -75.88
 40.06, -76.02
 40.06, -76.02
 40.06, -76.03
 40.04, -76.2
 39.98, -76.25
 39.87, -76.36
 39.81, -76.43
 39.77, -76.47
 39.66, -76.57
 39.55, -76.65
 39.48, -76.69
 39.44, -76.71
 39.32, -76.75
 39.27, -76.75
 39.19, -76.76
 39.07, -76.74
 38.93, -76.7
 38.92, -76.69
 38.79, -76.62
 38.75, -76.59
 38.65, -76.52
 38.58, -76.47
 38.51, -76.43
 38.39, -76.37
 38.37, -76.37
 38.24, -76.34
 38.12, -76.37
 38.02, -76.48
 38.01, -76.48
 37.91, -76.59
 37.81, -76.69
 37.79, -76.71
 37.7, -76.77
 37.59, -76.87
 37.55, -76.94
 37.49, -77.03
 37.47, -77.12
 37.43, -77.28
 37.45, -77.44
 37.51, -77.58
 37.6, -77.71
 37.62, -77.75
 37.67, -77.84
 37.72, -77.99
 37.72, -78.15
 37.7, -78.23
 37.68, -78.31
 37.62, -78.45
 37.57, -78.5
 37.51, -78.57
 37.4, -78.63
 37.27, -78.63
 37.18, -78.6
 37.14, -78.59
 37.0, -78.49
 37.0, -78.49
 36.87, -78.37
 36.85, -78.34
 36.72, -78.26
 36.71, -78.24
 36.7, -78.26
 36.7, -78.42
 36.71, -78.57
 36.73, -78.72
 36.75, -78.87
 36.8, -79.01
 36.85, -79.1
 36.88, -79.15
 36.94, -79.29
 36.97, -79.44
 36.98, -79.59
 36.96, -79.75
 36.95, -79.75
 36.92, -79.91
 36.87, -80.03
 36.85, -80.09
 36.78, -80.25
 36.78, -80.26
 36.72, -80.43
 36.7, -80.49
 36.67, -80.59
 36.61, -80.74
 36.6, -80.76
 36.52, -80.93
 36.52, -80.95
 36.43, -81.11
 36.42, -81.13
 36.32, -81.29
 36.32, -81.29
 36.22, -81.43
 36.18, -81.47
 36.11, -81.57
 36.04, -81.65
 36.01, -81.7
 35.9, -81.83
 35.9, -81.84
 35.8, -81.98
 35.77, -82.02
 35.69, -82.12
 35.63, -82.2
 35.59, -82.26
 35.48, -82.38
 35.48, -82.38
 35.38, -82.52
 35.36, -82.56
 35.28, -82.69
 35.25, -82.73
 35.18, -82.86
 35.15, -82.9
 35.07, -83.02
 35.02, -83.07
 34.97, -83.13
 34.85, -83.21
 34.74, -83.26
 34.62, -83.28
 34.5, -83.3
 34.42, -83.34
 34.38, -83.37
 34.33, -83.5
 34.3, -83.66
 34.3, -83.68
 34.28, -83.81
 34.23, -83.97
 34.21, -84.0
 34.13, -84.13
 34.11, -84.16
 34.0, -84.29
 33.99, -84.31
 33.9, -84.46
 33.9, -84.47
 33.84, -84.63
 33.81, -84.71
 33.78, -84.79
 33.71, -84.94
 33.71, -84.95
 33.65, -85.1
 33.62, -85.18
 33.58, -85.26
 33.52, -85.38
 33.49, -85.42
 33.41, -85.52
 33.32, -85.6
 33.3, -85.62
 33.18, -85.71
 33.09, -85.78
 33.07, -85.79
 32.96, -85.92
 32.94, -85.94
 32.88, -86.1
 32.87, -86.15
 32.85, -86.25
 32.81, -86.4
 32.78, -86.48
 32.74, -86.56
 32.67, -86.66
 32.62, -86.72
 32.56, -86.78
 32.45, -86.89
 32.45, -86.89
 32.37, -87.04
 32.35, -87.11
 32.33, -87.19
 32.32, -87.34
 32.31, -87.48
 32.29, -87.63
 32.28, -87.69
 32.28, -87.77
 32.27, -87.92
 32.27, -88.06
 32.27, -88.21
 32.26, -88.35
 32.25, -88.5
 32.24, -88.56
 32.23, -88.64
 32.19, -88.79
 32.14, -88.93
 32.14, -88.94
 32.08, -89.09
 32.04, -89.18
 32.02, -89.24
 31.96, -89.39
 31.94, -89.45
 31.92, -89.54
 31.88, -89.69
 31.84, -89.78
 31.83, -89.83
 31.76, -89.98
 31.74, -90.02
 31.68, -90.13
 31.63, -90.2
 31.56, -90.29
 31.52, -90.34
 31.43, -90.44
 31.41, -90.47
 31.29, -90.58
 31.28, -90.6
 31.18, -90.71
 31.14, -90.75
 31.07, -90.84
 31.02, -90.9
 30.95, -91.0
 30.93, -91.05
 30.86, -91.2
 30.85, -91.24
 30.82, -91.34
 30.78, -91.49
 30.75, -91.57
 30.73, -91.63
 30.69, -91.77
 30.64, -91.87
 30.62, -91.92
 30.56, -92.06
 30.53, -92.11
 30.49, -92.21
 30.42, -92.33
 30.41, -92.35
 30.32, -92.5
 30.31, -92.52
 30.24, -92.65
 30.2, -92.72
 30.17, -92.79
 30.13, -92.93
 30.09, -93.06
 30.09, -93.07
 30.06, -93.21
 30.01, -93.36
 29.99, -93.41
 29.94, -93.5
 29.87, -93.6
 29.84, -93.64
 29.76, -93.75
 29.72, -93.79
 29.64, -93.87
 29.57, -93.93
 29.52, -93.97
 29.41, -94.05
 29.35, -94.08
 29.29, -94.13
 29.17, -94.22
 29.17, -94.23
 29.07, -94.37
 29.08, -94.51
 29.18, -94.64
 29.18, -94.64
 29.25, -94.77
 29.26, -94.91
 29.26, -95.05
 29.26, -95.19
 29.27, -95.33
 29.29, -95.46
 29.3, -95.6
 29.27, -95.74
 29.21, -95.87
 29.2, -95.88
 29.09, -95.99
 29.03, -96.02
 28.97, -96.05
 28.85, -96.07
 28.73, -96.07
 28.61, -96.05
 28.5, -96.03
 28.49, -96.03
 28.37, -96.01
 28.25, -96.0
 28.13, -96.01
 28.07, -96.04
 28.01, -96.07
 27.92, -96.18
 27.89, -96.21
 27.83, -96.31
 27.78, -96.4
 27.75, -96.45
 27.68, -96.59
 27.66, -96.64
 27.62, -96.72
 27.57, -96.86
 27.54, -96.93
 27.52, -96.99
 27.48, -97.13
 27.44, -97.26
 27.43, -97.4
 27.53, -97.53
 27.54, -97.54
 27.66, -97.56
 27.78, -97.6
 27.86, -97.67
 27.9, -97.73
 27.94, -97.8
 27.94, -97.94
 27.9, -98.07
 27.9, -98.08
 27.82, -98.21
 27.78, -98.26
 27.73, -98.34
 27.66, -98.47
 27.66, -98.48
 27.61, -98.61
 27.54, -98.74
 27.53, -98.75
 27.47, -98.88
 27.45, -99.01
 27.5, -99.15
 27.53, -99.23
 27.56, -99.29
 27.57, -99.42
 27.52, -99.55
 27.52, -99.56
 27.4, -99.65
 27.28, -99.67
 27.16, -99.66
 27.04, -99.65
 26.93, -99.68
 26.92, -99.68
 26.82, -99.81
 26.8, -99.85
 26.76, -99.94
 26.68, -100.07
 26.67, -100.08
 26.55, -100.2
 26.55, -100.2
 26.43, -100.33
 26.43, -100.33
 26.37, -100.46
 26.31, -100.59
 26.3, -100.61
 26.2, -100.72
 26.18, -100.73
 26.06, -100.78
 25.94, -100.79
 25.82, -100.77
 25.7, -100.72
 25.67, -100.7
 25.58, -100.66
 25.47, -100.59
 25.42, -100.56
 25.35, -100.53
 25.23, -100.51
End:

Color: 221 86 78 255
Line: 2, 0, "100.0"
 41.08, -67.64
 41.05, -67.72
 40.94, -67.81
 40.8, -67.78
 40.79, -67.76
End:

Color: 221 86 78 255
Line: 2, 0, "100.0"
 30.03, -80.88
 30.1, -80.88
 30.22, -80.87
 30.34, -80.85
 30.45, -80.8
 30.49, -80.78
 30.55, -80.63
 30.55, -80.62
 30.55, -80.62
 30.41, -80.54
 30.3, -80.59
 30.18, -80.66
 30.08, -80.72
 30.08, -80.75
 30.03, -80.88
End:

Color: 221 86 78 255
Line: 2, 0, "100.0"
 32.23, -81.56
 32.3, -81.67
 32.33, -81.69
 32.43, -81.72
 32.55, -81.69
 32.67, -81.63
 32.78, -81.6
 32.9, -81.58
 33.03, -81.58
 33.16, -81.61
 33.23, -81.65
 33.29, -81.67
 33.42, -81.72
 33.54, -81.72
 33.66, -81.68
 33.77, -81.59
 33.83, -81.52
 33.87, -81.45
 33.91, -81.36
 33.95, -81.2
 33.95, -81.18
 34.0, -81.04
 34.04, -80.92
 34.07, -80.88
 34.13, -80.72
 34.13, -80.71
 34.13, -80.71
 34.0, -80.67
 33.89, -80.73
 33.82, -80.78
 33.78, -80.82
 33.66, -80.87
 33.54, -80.89
 33.44, -80.87
 33.41, -80.86
 33.28, -80.81
 33.2, -80.77
 33.15, -80.75
 33.02, -80.71
 32.92, -80.69
 32.89, -80.68
 32.76, -80.63
 32.68, -80.59
 32.63, -80.57
 32.5, -80.56
 32.4, -80.65
 32.4, -80.66
 32.35, -80.81
 32.31, -80.91
 32.3, -80.97
 32.22, -81.12
 32.22, -81.13
 32.15, -81.29
 32.16, -81.43
 32.23, -81.56
End:

Color: 221 86 78 255
Line: 2, 0, "100.0"
 36.62, -82.3
 36.58, -82.15
 36.61, -81.99
 36.65, -81.91
 36.74, -81.81
 36.76, -81.8
 36.88, -81.75
 37.0, -81.75
 37.02, -81.75
 37.13, -81.81
 37.21, -81.86
 37.2, -82.02
 37.17, -82.07
 37.1, -82.2
 37.07, -82.24
 36.96, -82.34
 36.84, -82.39
 36.72, -82.38
 36.62, -82.3
End:

Color: 221 86 78 255
Line: 2, 0, "100.0"
 38.49, -81.27
 38.48, -81.11
 38.51, -81.01
 38.52, -80.94
 38.6, -80.77
 38.6, -80.77
 38.7, -80.65
 38.81, -80.57
 38.9, -80.7
 38.88, -80.86
 38.87, -80.95
 38.85, -81.03
 38.8, -81.2
 38.78, -81.23
 38.68, -81.35
 38.56, -81.37
 38.49, -81.27
End:

Color: 221 86 78 255
Line: 2, 0, "100.0"
 39.02, -80.35
 39.03, -80.33
 39.08, -80.17
 39.12, -80.12
 39.2, -79.99
 39.22, -79.96
 39.33, -79.86
 39.43, -79.77
 39.44, -79.76
 39.55, -79.67
 39.66, -79.59
 39.77, -79.52
 39.77, -79.52
 39.89, -79.46
 40.0, -79.4
 40.12, -79.35
 40.23, -79.28
 40.35, -79.21
 40.35, -79.21
 40.46, -79.12
 40.57, -79.05
 40.69, -79.0
 40.81, -78.98
 40.94, -79.0
 41.0, -79.03
 41.07, -79.08
 41.15, -79.16
 41.23, -79.28
 41.24, -79.3
 41.29, -79.45
 41.32, -79.61
 41.42, -79.75
 41.42, -79.75
 41.55, -79.8
 41.64, -79.85
 41.69, -79.88
 41.82, -79.97
 41.83, -79.98
 41.94, -80.11
 41.98, -80.19
 42.01, -80.26
 42.04, -80.42
 42.02, -80.49
 42.0, -80.59
 41.93, -80.71
 41.88, -80.79
 41.83, -80.86
 41.72, -80.99
 41.71, -81.0
 41.61, -81.11
 41.52, -81.21
 41.5, -81.23
 41.39, -81.31
 41.27, -81.34
 41.14, -81.3
 41.14, -81.3
 41.01, -81.16
 40.99, -81.05
 40.96, -81.01
 40.91, -80.86
 40.82, -80.74
 40.76, -80.9
 40.81, -81.05
 40.85, -81.2
 40.78, -81.38
 40.78, -81.38
 40.67, -81.45
 40.55, -81.45
 40.52, -81.44
 40.41, -81.4
 40.29, -81.38
 40.17, -81.42
 40.05, -81.48
 39.94, -81.53
 39.82, -81.54
 39.68, -81.47
 39.68, -81.47
 39.59, -81.33
 39.55, -81.18
 39.53, -81.03
 39.51, -80.87
 39.48, -80.72
 39.44, -80.64
 39.39, -80.58
 39.3, -80.51
 39.17, -80.48
 39.14, -80.48
 39.04, -80.4
 39.02, -80.35
End:

Color: 221 86 78 255
Line: 2, 0, "100.0"
 42.72, -78.73
 42.74, -78.59
 42.75, -78.55
 42.84, -78.48
 42.92, -78.5
 42.98, -78.59
 43.0, -78.65
 43.0, -78.68
 42.9, -78.84
 42.77, -78.79
 42.72, -78.73
End:

Color: 221 86 78 255
Line: 2, 0, "100.0"
 42.23, -69.53
 42.14, -69.4
 42.09, -69.25
 42.05, -69.09
 42.01, -68.94
 41.97, -68.78
 41.93, -68.63
 41.91, -68.47
 41.91, -68.3
 41.93, -68.17
 41.94, -68.11
 41.99, -67.92
 42.01, -67.91
 42.09, -67.79
 42.16, -67.84
 42.25, -67.93
 42.27, -67.96
 42.34, -68.11
 42.39, -68.25
 42.43, -68.41
 42.44, -68.58
 42.45, -68.75
 42.45, -68.76
 42.45, -68.92
 42.44, -69.1
 42.43, -69.19
 42.39, -69.29
 42.35, -69.42
 42.27, -69.51
 42.25, -69.54
 42.23, -69.53
End:

Color: 221 86 78 255
Line: 2, 0, "100.0"
 44.8, -83.5
 44.75, -83.34
 44.83, -83.24
 44.95, -83.24
 44.99, -83.28
 44.99, -83.46
 44.98, -83.48
 44.86, -83.55
 44.8, -83.5
End:

Color: 221 86 78 255
Line: 2, 0, "100.0"
 45.44, -80.21
 45.38, -80.05
 45.33, -79.89
 45.3, -79.72
 45.29, -79.55
 45.28, -79.38
 45.31, -79.26
 45.43, -79.26
 45.5, -79.32
 45.57, -79.36
 45.64, -79.45
 45.72, -79.56
 45.74, -79.6
 45.79, -79.76
 45.82, -79.93
 45.81, -80.11
 45.8, -80.14
 45.7, -80.3
 45.58, -80.34
 45.44, -80.22
 45.44, -80.21
End:

Color: 221 86 78 255
Line: 2, 0, "250.0"
 22.91, -75.74
 23.02, -75.7
 23.12, -75.63
 23.18, -75.55
 23.17, -75.42
 23.08, -75.31
 23.05, -75.29
 22.93, -75.22
 22.91, -75.21
 22.78, -75.2
End:

Color: 221 86 78 255
Line: 2, 0, "250.0"
 23.38, -73.91
 23.47, -73.96
 23.52, -74.0
 23.61, -74.03
 23.7, -74.08
 23.74, -74.1
 23.87, -74.17
 23.88, -74.18
 24.02, -74.25
 24.03, -74.25
 24.16, -74.3
 24.25, -74.33
 24.29, -74.34
 24.42, -74.37
 24.49, -74.39
 24.55, -74.41
 24.68, -74.45
 24.73, -74.46
 24.81, -74.48
 24.94, -74.5
 25.02, -74.51
 25.06, -74.52
 25.19, -74.54
 25.32, -74.56
 25.32, -74.56
 25.45, -74.58
 25.57, -74.58
 25.69, -74.56
 25.8, -74.52
 25.91, -74.46
 26.02, -74.4
 26.13, -74.34
 26.24, -74.31
 26.36, -74.28
 26.48, -74.27
 26.6, -74.27
 26.73, -74.28
 26.78, -74.28
 26.85, -74.29
 26.98, -74.29
 27.1, -74.28
 27.22, -74.26
 27.34, -74.24
 27.45, -74.23
 27.46, -74.23
 27.58, -74.21
 27.7, -74.2
 27.82, -74.2
 27.94, -74.19
 28.07, -74.19
 28.07, -74.19
 28.19, -74.18
 28.31, -74.17
 28.43, -74.16
 28.56, -74.16
 28.61, -74.17
 28.68, -74.17
 28.81, -74.19
 28.94, -74.21
 28.95, -74.21
 29.07, -74.22
 29.19, -74.23
 29.32, -74.23
 29.44, -74.2
 29.55, -74.17
 29.67, -74.12
 29.78, -74.06
 29.89, -74.01
 30.0, -73.95
 30.12, -73.91
 30.23, -73.87
 30.35, -73.83
 30.47, -73.8
 30.58, -73.77
 30.7, -73.73
 30.82, -73.69
 30.93, -73.65
 31.05, -73.6
 31.16, -73.55
 31.22, -73.52
 31.27, -73.49
 31.38, -73.42
 31.49, -73.34
 31.59, -73.26
 31.59, -73.26
 31.7, -73.16
 31.8, -73.07
 31.88, -73.02
 31.91, -73.0
 32.02, -72.94
 32.13, -72.89
 32.25, -72.86
 32.37, -72.84
 32.46, -72.83
 32.5, -72.83
 32.62, -72.81
 32.74, -72.8
 32.86, -72.78
 32.99, -72.77
 33.11, -72.75
 33.2, -72.74
 33.23, -72.73
 33.35, -72.71
 33.47, -72.69
 33.59, -72.65
 33.7, -72.61
 33.82, -72.55
 33.92, -72.5
 33.93, -72.49
 34.04, -72.43
 34.15, -72.37
 34.26, -72.3
 34.38, -72.24
 34.49, -72.18
 34.58, -72.12
 34.6, -72.11
 34.71, -72.04
 34.82, -71.96
 34.92, -71.89
 35.03, -71.82
 35.06, -71.8
 35.15, -71.75
 35.26, -71.68
 35.36, -71.6
 35.47, -71.51
 35.48, -71.5
 35.57, -71.39
 35.63, -71.29
 35.66, -71.24
 35.72, -71.1
 35.74, -71.06
 35.8, -70.91
 35.82, -70.85
 35.85, -70.74
 35.88, -70.58
 35.88, -70.57
 35.89, -70.41
 35.87, -70.26
 35.84, -70.12
 35.78, -69.98
 35.73, -69.84
End:

Color: 221 86 78 255
Line: 2, 0, "250.0"
 38.55, -68.72
 38.57, -68.88
 38.59, -69.04
 38.6, -69.19
 38.6, -69.22
 38.62, -69.35
 38.65, -69.5
 38.69, -69.65
 38.73, -69.8
 38.77, -69.94
 38.8, -70.1
 38.82, -70.25
 38.83, -70.41
 38.84, -70.57
 38.83, -70.69
 38.82, -70.74
 38.79, -70.91
 38.77, -70.99
 38.74, -71.1
 38.7, -71.21
 38.67, -71.29
 38.62, -71.45
 38.62, -71.47
 38.59, -71.64
 38.58, -71.81
 38.58, -71.81
 38.57, -71.97
 38.57, -72.13
 38.58, -72.29
 38.58, -72.39
 38.58, -72.45
 38.59, -72.61
 38.59, -72.77
 38.58, -72.94
 38.58, -72.96
 38.48, -73.09
 38.36, -73.12
 38.23, -73.11
 38.15, -73.09
 38.1, -73.07
 37.97, -73.06
 37.86, -73.15
 37.85, -73.19
 37.88, -73.34
 37.92, -73.45
 37.94, -73.48
 38.0, -73.62
 38.05, -73.76
 38.09, -73.91
 38.15, -74.05
 38.18, -74.09
 38.25, -74.18
 38.34, -74.26
 38.38, -74.29
 38.49, -74.38
 38.53, -74.41
 38.64, -74.48
 38.7, -74.51
 38.78, -74.56
 38.91, -74.59
 38.94, -74.59
 39.04, -74.6
 39.16, -74.58
 39.27, -74.52
 39.29, -74.48
 39.34, -74.3
 39.35, -74.25
 39.36, -74.13
 39.4, -73.95
 39.41, -73.93
 39.52, -73.84
 39.64, -73.83
 39.69, -73.85
 39.79, -73.94
 39.81, -73.98
 39.87, -74.12
 39.9, -74.27
 39.91, -74.44
 39.9, -74.48
 39.81, -74.63
 39.8, -74.64
 39.69, -74.72
 39.58, -74.77
 39.47, -74.86
 39.45, -74.91
 39.4, -75.09
 39.39, -75.12
 39.35, -75.27
 39.31, -75.35
 39.26, -75.46
 39.22, -75.53
 39.15, -75.66
 39.13, -75.7
 39.02, -75.82
 38.91, -75.87
 38.78, -75.87
 38.65, -75.83
 38.63, -75.82
 38.52, -75.78
 38.39, -75.73
 38.38, -75.73
 38.25, -75.68
 38.14, -75.65
 38.11, -75.65
 37.99, -75.64
 37.86, -75.63
 37.75, -75.61
 37.73, -75.61
 37.6, -75.58
 37.48, -75.54
 37.47, -75.53
 37.34, -75.52
 37.22, -75.54
 37.11, -75.63
 37.09, -75.65
 37.05, -75.82
 37.03, -75.9
 37.02, -75.99
 36.97, -76.16
 36.96, -76.17
 36.88, -76.34
 36.87, -76.36
 36.81, -76.52
 36.79, -76.59
 36.77, -76.69
 36.73, -76.86
 36.72, -76.89
 36.68, -77.03
 36.64, -77.12
 36.59, -77.21
 36.54, -77.29
 36.47, -77.4
 36.44, -77.43
 36.34, -77.58
 36.34, -77.58
 36.25, -77.75
 36.24, -77.77
 36.2, -77.93
 36.19, -78.09
 36.23, -78.23
 36.3, -78.37
 36.38, -78.5
 36.38, -78.51
 36.44, -78.64
 36.47, -78.79
 36.48, -78.94
 36.51, -79.09
 36.6, -79.22
 36.63, -79.26
 36.69, -79.35
 36.75, -79.49
 36.76, -79.64
 36.74, -79.8
 36.72, -79.84
 36.67, -79.98
 36.63, -80.05
 36.58, -80.15
 36.54, -80.27
 36.52, -80.32
 36.48, -80.48
 36.46, -80.56
 36.43, -80.65
 36.37, -80.79
 36.35, -80.82
 36.27, -80.96
 36.24, -81.0
 36.17, -81.1
 36.08, -81.19
 36.06, -81.22
 35.95, -81.33
 35.92, -81.37
 35.85, -81.47
 35.8, -81.55
 35.75, -81.63
 35.69, -81.73
 35.65, -81.8
 35.58, -81.9
 35.55, -81.95
 35.44, -82.08
 35.44, -82.09
 35.34, -82.21
 35.29, -82.27
 35.23, -82.35
 35.16, -82.44
 35.13, -82.5
 35.06, -82.62
 35.03, -82.67
 34.94, -82.79
 34.92, -82.81
 34.81, -82.9
 34.69, -82.91
 34.61, -82.86
 34.57, -82.71
 34.58, -82.56
 34.59, -82.41
 34.59, -82.26
 34.57, -82.11
 34.54, -81.97
 34.52, -81.83
 34.5, -81.68
 34.49, -81.53
 34.49, -81.46
 34.49, -81.38
 34.57, -81.22
 34.58, -81.21
 34.69, -81.11
 34.8, -81.04
 34.83, -81.01
 34.85, -80.85
 34.8, -80.71
 34.77, -80.57
 34.76, -80.42
 34.79, -80.26
 34.8, -80.24
 34.89, -80.09
 34.9, -80.08
 35.01, -79.98
 35.1, -79.89
 35.11, -79.87
 35.14, -79.73
 35.11, -79.59
 35.05, -79.47
 35.02, -79.45
 34.92, -79.41
 34.85, -79.5
 34.81, -79.54
 34.78, -79.66
 34.73, -79.82
 34.73, -79.83
 34.69, -79.99
 34.65, -80.08
 34.6, -80.16
 34.55, -80.21
 34.44, -80.3
 34.32, -80.35
 34.2, -80.36
 34.08, -80.36
 33.95, -80.36
 33.84, -80.41
 33.73, -80.5
 33.72, -80.51
 33.62, -80.6
 33.5, -80.63
 33.37, -80.59
 33.37, -80.59
 33.24, -80.52
 33.16, -80.48
 33.11, -80.46
 32.97, -80.4
 32.95, -80.39
 32.83, -80.29
 32.8, -80.27
 32.69, -80.18
 32.64, -80.16
 32.56, -80.14
 32.44, -80.14
 32.32, -80.17
 32.2, -80.22
 32.09, -80.28
 32.03, -80.3
 31.97, -80.32
 31.96, -80.31
 31.85, -80.3
 31.72, -80.29
 31.6, -80.31
 31.49, -80.36
 31.41, -80.43
 31.38, -80.46
 31.28, -80.57
 31.22, -80.62
 31.17, -80.67
 31.05, -80.73
 30.96, -80.68
 30.92, -80.66
 30.85, -80.56
 30.81, -80.42
 30.8, -80.28
 30.83, -80.13
 30.83, -80.12
 30.87, -79.98
 30.8, -79.85
 30.79, -79.85
 30.67, -79.85
 30.56, -79.91
 30.55, -79.91
 30.45, -80.03
 30.4, -80.09
 30.35, -80.15
 30.24, -80.24
 30.17, -80.28
 30.13, -80.31
 30.01, -80.36
 29.9, -80.41
 29.79, -80.48
 29.72, -80.52
 29.68, -80.55
 29.57, -80.63
 29.48, -80.71
 29.47, -80.76
 29.45, -80.86
 29.5, -80.98
 29.5, -80.99
 29.59, -81.11
 29.66, -81.19
 29.69, -81.23
 29.8, -81.34
 29.82, -81.34
 29.93, -81.39
 30.04, -81.33
 30.1, -81.29
 30.15, -81.25
 30.27, -81.18
 30.38, -81.13
 30.49, -81.07
 30.51, -81.06
 30.61, -81.0
 30.72, -80.95
 30.84, -80.9
 30.95, -80.87
 31.09, -80.93
 31.09, -80.94
 31.22, -81.02
 31.25, -81.05
 31.36, -81.11
 31.44, -81.15
 31.49, -81.17
 31.62, -81.19
 31.74, -81.22
 31.77, -81.22
 31.88, -81.3
 31.91, -81.34
 31.98, -81.47
 32.03, -81.6
 32.06, -81.68
 32.09, -81.74
 32.14, -81.87
 32.19, -82.01
 32.22, -82.15
 32.23, -82.29
 32.24, -82.43
 32.28, -82.57
 32.31, -82.6
 32.43, -82.55
 32.43, -82.54
 32.51, -82.38
 32.52, -82.36
 32.56, -82.22
 32.61, -82.1
 32.63, -82.06
 32.71, -81.95
 32.8, -81.88
 32.82, -81.87
 32.94, -81.85
 32.97, -81.85
 33.07, -81.87
 33.2, -81.94
 33.21, -81.95
 33.34, -82.01
 33.46, -82.04
 33.46, -82.05
 33.59, -82.03
 33.7, -82.0
 33.83, -82.01
 33.91, -82.1
 33.95, -82.24
 33.98, -82.38
 34.02, -82.52
 34.03, -82.55
 34.06, -82.66
 34.09, -82.81
 34.09, -82.95
 34.09, -83.0
 34.08, -83.11
 34.05, -83.26
 34.03, -83.41
 34.02, -83.45
 34.02, -83.56
 34.0, -83.71
 33.95, -83.85
 33.94, -83.87
 33.86, -84.03
 33.85, -84.05
 33.79, -84.2
 33.76, -84.26
 33.72, -84.35
 33.67, -84.51
 33.66, -84.53
 33.62, -84.67
 33.57, -84.78
 33.55, -84.82
 33.49, -84.98
 33.47, -85.01
 33.41, -85.14
 33.37, -85.21
 33.31, -85.3
 33.27, -85.36
 33.16, -85.47
 33.15, -85.48
 33.05, -85.57
 32.96, -85.65
 32.94, -85.68
 32.83, -85.79
 32.8, -85.82
 32.72, -85.94
 32.69, -85.98
 32.64, -86.14
 32.63, -86.2
 32.6, -86.29
 32.54, -86.44
 32.53, -86.45
 32.42, -86.57
 32.38, -86.61
 32.31, -86.68
 32.24, -86.77
 32.2, -86.85
 32.18, -86.92
 32.14, -87.07
 32.12, -87.21
 32.11, -87.22
 32.1, -87.37
 32.09, -87.51
 32.08, -87.66
 32.07, -87.8
 32.06, -87.93
 32.06, -87.95
 32.06, -88.09
 32.05, -88.23
 32.04, -88.38
 32.02, -88.52
 32.0, -88.64
 31.99, -88.67
 31.95, -88.82
 31.9, -88.95
 31.9, -88.97
 31.84, -89.12
 31.8, -89.24
 31.8, -89.27
 31.77, -89.41
 31.74, -89.56
 31.71, -89.66
 31.71, -89.7
 31.66, -89.85
 31.61, -89.94
 31.58, -90.0
 31.5, -90.11
 31.47, -90.15
 31.39, -90.25
 31.34, -90.31
 31.28, -90.38
 31.2, -90.46
 31.17, -90.5
 31.05, -90.62
 31.05, -90.62
 30.94, -90.76
 30.93, -90.77
 30.83, -90.92
 30.83, -90.93
 30.76, -91.06
 30.72, -91.16
 30.7, -91.21
 30.66, -91.35
 30.62, -91.47
 30.61, -91.5
 30.57, -91.64
 30.52, -91.78
 30.51, -91.79
 30.46, -91.93
 30.41, -92.05
 30.4, -92.08
 30.33, -92.22
 30.3, -92.28
 30.25, -92.37
 30.19, -92.46
 30.15, -92.51
 30.07, -92.63
 30.06, -92.66
 30.0, -92.8
 29.97, -92.9
 29.95, -92.94
 29.92, -93.08
 29.88, -93.22
 29.86, -93.27
 29.81, -93.37
 29.75, -93.46
 29.7, -93.51
 29.63, -93.6
 29.57, -93.66
 29.52, -93.7
 29.4, -93.8
 29.39, -93.8
 29.28, -93.89
 29.21, -93.95
 29.16, -93.99
 29.05, -94.09
 29.04, -94.09
 28.93, -94.21
 28.91, -94.24
 28.82, -94.37
 28.81, -94.38
 28.76, -94.52
 28.77, -94.65
 28.82, -94.79
 28.83, -94.82
 28.89, -94.92
 28.92, -95.06
 28.93, -95.2
 28.95, -95.33
 28.96, -95.36
 28.99, -95.47
 28.99, -95.61
 28.97, -95.66
 28.87, -95.75
 28.85, -95.76
 28.73, -95.78
 28.61, -95.79
 28.49, -95.79
 28.37, -95.78
 28.25, -95.77
 28.13, -95.78
 28.01, -95.83
 27.93, -95.9
 27.89, -95.94
 27.83, -96.04
 27.77, -96.12
 27.74, -96.18
 27.67, -96.32
 27.66, -96.33
 27.6, -96.45
 27.54, -96.56
 27.52, -96.59
 27.46, -96.72
 27.42, -96.8
 27.39, -96.86
 27.32, -96.99
 27.3, -97.03
 27.26, -97.13
 27.21, -97.26
 27.18, -97.37
 27.18, -97.4
 27.17, -97.53
 27.18, -97.66
 27.18, -97.67
 27.25, -97.8
 27.3, -97.87
 27.39, -97.94
 27.42, -97.97
 27.51, -98.07
 27.52, -98.21
 27.51, -98.34
 27.49, -98.48
 27.43, -98.61
 27.42, -98.64
 27.36, -98.74
 27.29, -98.84
 27.27, -98.88
 27.21, -99.01
 27.2, -99.14
 27.21, -99.28
 27.17, -99.33
 27.05, -99.37
 26.93, -99.4
 26.9, -99.41
 26.81, -99.45
 26.7, -99.54
 26.69, -99.55
 26.62, -99.67
 26.56, -99.8
 26.56, -99.8
 26.46, -99.93
 26.44, -99.95
 26.32, -100.03
 26.28, -100.06
 26.19, -100.17
 26.18, -100.19
 26.13, -100.32
 26.07, -100.45
 26.06, -100.45
 25.95, -100.52
 25.83, -100.53
 25.71, -100.5
 25.59, -100.46
 25.51, -100.43
 25.47, -100.42
 25.35, -100.39
 25.24, -100.37
End:

Color: 221 86 78 255
Line: 2, 0, "250.0"
 29.67, -82.5
 29.74, -82.61
 29.76, -82.62
 29.87, -82.63
 29.99, -82.6
 30.1, -82.56
 30.13, -82.55
 30.22, -82.51
 30.33, -82.4
 30.34, -82.37
 30.31, -82.23
 30.3, -82.19
 30.25, -82.11
 30.18, -81.98
 30.13, -81.9
 30.08, -81.86
 29.99, -81.78
 29.87, -81.82
 29.78, -81.92
 29.77, -81.92
 29.67, -82.07
 29.66, -82.08
 29.63, -82.22
 29.64, -82.36
 29.67, -82.5
End:

Color: 221 86 78 255
Line: 2, 0, "250.0"
 37.17, -78.14
 37.16, -77.99
 37.29, -77.98
 37.35, -78.09
 37.32, -78.17
 37.19, -78.16
 37.17, -78.14
End:

Color: 221 86 78 255
Line: 3, 0, "500.0"
 23.0, -76.15
 23.11, -76.13
 23.24, -76.13
 23.36, -76.14
 23.41, -76.15
 23.48, -76.16
 23.6, -76.16
 23.72, -76.14
 23.84, -76.14
 23.94, -76.14
 23.96, -76.15
 24.09, -76.18
 24.18, -76.21
 24.23, -76.24
 24.36, -76.3
 24.36, -76.3
 24.5, -76.35
 24.6, -76.37
 24.62, -76.37
 24.74, -76.35
 24.76, -76.33
 24.84, -76.26
 24.88, -76.17
 24.89, -76.03
 24.86, -75.9
 24.83, -75.78
 24.83, -75.66
 24.85, -75.64
 24.94, -75.58
 25.06, -75.56
 25.17, -75.54
 25.29, -75.5
 25.39, -75.44
 25.5, -75.38
 25.61, -75.32
 25.72, -75.27
 25.72, -75.26
 25.83, -75.2
 25.94, -75.12
 26.03, -75.05
 26.04, -75.03
 26.14, -74.93
 26.24, -74.85
 26.24, -74.85
 26.35, -74.78
 26.46, -74.74
 26.58, -74.72
 26.66, -74.73
 26.71, -74.74
 26.84, -74.76
 26.96, -74.79
 26.97, -74.79
 27.09, -74.78
 27.21, -74.75
 27.32, -74.7
 27.43, -74.66
 27.55, -74.63
 27.67, -74.61
 27.79, -74.61
 27.92, -74.61
 28.04, -74.62
 28.04, -74.62
 28.17, -74.62
 28.29, -74.63
 28.42, -74.63
 28.46, -74.64
 28.54, -74.64
 28.67, -74.64
 28.79, -74.66
 28.84, -74.67
 28.92, -74.68
 29.05, -74.69
 29.18, -74.71
 29.19, -74.71
 29.3, -74.7
 29.42, -74.68
 29.53, -74.65
 29.65, -74.6
 29.76, -74.54
 29.77, -74.54
 29.87, -74.48
 29.98, -74.43
 30.1, -74.38
 30.21, -74.34
 30.33, -74.31
 30.45, -74.28
 30.57, -74.25
 30.69, -74.23
 30.81, -74.21
 30.93, -74.19
 30.95, -74.19
 31.05, -74.17
 31.16, -74.13
 31.28, -74.1
 31.4, -74.05
 31.4, -74.05
 31.51, -74.0
 31.62, -73.93
 31.73, -73.86
 31.84, -73.78
 31.85, -73.76
 31.94, -73.69
 32.05, -73.61
 32.16, -73.54
 32.26, -73.49
 32.27, -73.48
 32.39, -73.44
 32.5, -73.41
 32.55, -73.4
 32.62, -73.38
 32.74, -73.36
 32.87, -73.35
 32.99, -73.33
 33.11, -73.33
 33.24, -73.32
 33.26, -73.32
 33.36, -73.31
 33.48, -73.3
 33.6, -73.28
 33.72, -73.24
 33.84, -73.2
 33.95, -73.15
 34.06, -73.09
 34.18, -73.03
 34.22, -73.01
 34.29, -72.97
 34.4, -72.91
 34.52, -72.86
 34.63, -72.81
 34.75, -72.76
 34.86, -72.72
 34.98, -72.68
 35.1, -72.64
 35.21, -72.58
 35.32, -72.51
 35.37, -72.47
 35.43, -72.42
 35.54, -72.34
 35.64, -72.26
 35.74, -72.18
 35.75, -72.18
 35.86, -72.08
 35.96, -71.97
 35.98, -71.94
 36.05, -71.84
 36.12, -71.74
 36.14, -71.69
 36.21, -71.55
 36.23, -71.51
 36.3, -71.36
 36.31, -71.32
 36.38, -71.17
 36.39, -71.14
 36.46, -70.98
 36.48, -70.95
 36.56, -70.79
 36.56, -70.78
 36.66, -70.64
 36.71, -70.58
 36.76, -70.52
 36.85, -70.4
 36.9, -70.35
 36.95, -70.27
 37.01, -70.14
 37.03, -70.09
 37.07, -69.96
 37.11, -69.87
 37.14, -69.77
 37.18, -69.66
 37.22, -69.58
 37.27, -69.49
 37.33, -69.38
 37.35, -69.31
 37.4, -69.19
End:

Color: 221 86 78 255
Line: 3, 0, "500.0"
 37.77, -69.04
 37.81, -69.1
 37.84, -69.18
 37.89, -69.32
 37.93, -69.46
 37.97, -69.61
 37.99, -69.76
 38.0, -69.88
 38.0, -69.92
 38.01, -70.08
 38.01, -70.24
 38.0, -70.4
 38.0, -70.41
 37.96, -70.58
 37.93, -70.65
 37.87, -70.78
 37.84, -70.82
 37.77, -70.98
 37.76, -71.0
 37.69, -71.17
 37.68, -71.19
 37.61, -71.36
 37.6, -71.39
 37.54, -71.54
 37.52, -71.6
 37.47, -71.73
 37.44, -71.81
 37.4, -71.91
 37.36, -72.02
 37.34, -72.1
 37.29, -72.26
 37.29, -72.27
 37.27, -72.44
 37.27, -72.6
 37.28, -72.75
 37.3, -72.89
 37.3, -72.9
 37.31, -73.06
 37.31, -73.22
 37.3, -73.38
 37.31, -73.5
 37.31, -73.53
 37.33, -73.68
 37.35, -73.72
 37.4, -73.82
 37.5, -73.95
 37.53, -73.98
 37.62, -74.07
 37.7, -74.2
 37.7, -74.21
 37.77, -74.33
 37.84, -74.47
 37.9, -74.55
 37.95, -74.59
 38.05, -74.66
 38.12, -74.7
 38.19, -74.76
 38.25, -74.82
 38.28, -74.97
 38.24, -75.02
 38.13, -75.1
 38.02, -75.16
 37.9, -75.19
 37.78, -75.21
 37.65, -75.21
 37.53, -75.21
 37.52, -75.21
 37.4, -75.2
 37.28, -75.21
 37.16, -75.25
 37.05, -75.32
 37.0, -75.37
 36.94, -75.43
 36.85, -75.57
 36.84, -75.57
 36.76, -75.75
 36.76, -75.76
 36.7, -75.93
 36.68, -75.99
 36.63, -76.1
 36.59, -76.2
 36.56, -76.28
 36.51, -76.42
 36.49, -76.46
 36.43, -76.63
 36.43, -76.65
 36.37, -76.8
 36.34, -76.87
 36.28, -76.98
 36.24, -77.03
 36.14, -77.13
 36.03, -77.2
 36.02, -77.21
 35.92, -77.28
 35.81, -77.39
 35.79, -77.43
 35.72, -77.56
 35.7, -77.61
 35.63, -77.77
 35.63, -77.78
 35.54, -77.95
 35.54, -77.97
 35.44, -78.09
 35.31, -78.07
 35.27, -78.03
 35.17, -77.99
 35.04, -77.96
 34.93, -78.01
 34.83, -78.14
 34.82, -78.14
 34.82, -78.3
 34.84, -78.44
 34.87, -78.58
 34.83, -78.75
 34.81, -78.77
 34.75, -78.92
 34.72, -78.97
 34.68, -79.08
 34.64, -79.23
 34.64, -79.25
 34.62, -79.4
 34.6, -79.56
 34.58, -79.64
 34.57, -79.71
 34.51, -79.88
 34.5, -79.91
 34.4, -80.05
 34.39, -80.06
 34.29, -80.13
 34.17, -80.15
 34.04, -80.15
 34.0, -80.15
 33.92, -80.14
 33.8, -80.15
 33.68, -80.2
 33.59, -80.24
 33.57, -80.25
 33.45, -80.29
 33.4, -80.28
 33.32, -80.28
 33.2, -80.26
 33.09, -80.21
 33.06, -80.2
 32.94, -80.09
 32.92, -80.08
 32.82, -79.97
 32.77, -79.93
 32.68, -79.86
 32.63, -79.8
 32.54, -79.74
 32.48, -79.67
 32.41, -79.63
 32.34, -79.57
 32.22, -79.57
 32.11, -79.62
 31.99, -79.67
 31.87, -79.72
 31.75, -79.73
 31.63, -79.72
 31.55, -79.68
 31.49, -79.65
 31.39, -79.57
 31.35, -79.55
 31.25, -79.46
 31.21, -79.43
 31.08, -79.37
 31.06, -79.36
 30.95, -79.35
 30.83, -79.36
 30.71, -79.39
 30.6, -79.45
 30.57, -79.48
 30.49, -79.55
 30.4, -79.66
 30.39, -79.67
 30.29, -79.8
 30.25, -79.84
 30.18, -79.91
 30.07, -79.98
 29.96, -80.03
 29.88, -80.06
 29.84, -80.07
 29.73, -80.12
 29.62, -80.19
 29.51, -80.26
 29.46, -80.29
 29.4, -80.34
 29.29, -80.41
 29.18, -80.48
 29.14, -80.5
 29.07, -80.57
 28.96, -80.67
 28.93, -80.69
 28.9, -80.83
 28.99, -80.87
 29.06, -80.94
 29.13, -80.97
 29.22, -81.05
 29.27, -81.09
 29.33, -81.16
 29.42, -81.28
 29.43, -81.3
 29.48, -81.41
 29.52, -81.54
 29.5, -81.69
 29.49, -81.71
 29.41, -81.85
 29.39, -81.87
 29.32, -82.01
 29.3, -82.08
 29.28, -82.15
 29.3, -82.29
 29.34, -82.42
 29.37, -82.52
 29.37, -82.55
 29.41, -82.69
 29.45, -82.82
 29.54, -82.94
 29.55, -82.95
 29.67, -82.98
 29.79, -82.95
 29.91, -82.89
 29.94, -82.87
 30.02, -82.83
 30.13, -82.78
 30.25, -82.74
 30.37, -82.72
 30.49, -82.67
 30.53, -82.62
 30.59, -82.52
 30.6, -82.46
 30.6, -82.32
 30.56, -82.19
 30.53, -82.12
 30.5, -82.06
 30.43, -81.93
 30.38, -81.8
 30.36, -81.66
 30.39, -81.51
 30.43, -81.45
 30.52, -81.34
 30.53, -81.33
 30.64, -81.24
 30.76, -81.18
 30.87, -81.15
 31.0, -81.15
 31.13, -81.2
 31.15, -81.21
 31.26, -81.27
 31.35, -81.31
 31.39, -81.33
 31.52, -81.38
 31.61, -81.4
 31.65, -81.43
 31.77, -81.51
 31.8, -81.56
 31.84, -81.64
 31.87, -81.78
 31.88, -81.92
 31.88, -82.07
 31.88, -82.11
 31.87, -82.22
 31.85, -82.36
 31.82, -82.51
 31.81, -82.55
 31.77, -82.67
 31.73, -82.81
 31.73, -82.82
 31.74, -82.96
 31.75, -82.98
 31.85, -83.09
 31.89, -83.1
 32.01, -83.11
 32.13, -83.09
 32.25, -83.05
 32.36, -82.99
 32.37, -82.99
 32.48, -82.91
 32.59, -82.82
 32.64, -82.79
 32.7, -82.74
 32.81, -82.68
 32.93, -82.62
 32.95, -82.58
 33.04, -82.51
 33.15, -82.45
 33.28, -82.46
 33.4, -82.49
 33.43, -82.49
 33.53, -82.52
 33.66, -82.58
 33.67, -82.59
 33.78, -82.72
 33.82, -82.82
 33.83, -82.86
 33.84, -82.96
 33.84, -83.0
 33.82, -83.16
 33.79, -83.31
 33.77, -83.39
 33.76, -83.46
 33.74, -83.61
 33.7, -83.77
 33.7, -83.79
 33.66, -83.92
 33.61, -84.05
 33.59, -84.08
 33.53, -84.24
 33.51, -84.29
 33.47, -84.4
 33.42, -84.54
 33.42, -84.55
 33.36, -84.71
 33.33, -84.78
 33.29, -84.87
 33.23, -84.99
 33.21, -85.03
 33.13, -85.17
 33.11, -85.19
 33.02, -85.31
 32.99, -85.36
 32.91, -85.44
 32.83, -85.53
 32.8, -85.55
 32.69, -85.65
 32.62, -85.7
 32.58, -85.74
 32.47, -85.83
 32.39, -85.88
 32.35, -85.92
 32.24, -86.0
 32.14, -86.06
 32.13, -86.08
 32.02, -86.22
 32.02, -86.23
 31.96, -86.38
 31.92, -86.49
 31.91, -86.53
 31.88, -86.68
 31.85, -86.83
 31.84, -86.87
 31.82, -86.97
 31.79, -87.12
 31.77, -87.27
 31.76, -87.34
 31.76, -87.41
 31.75, -87.55
 31.75, -87.7
 31.75, -87.84
 31.76, -87.98
 31.75, -88.13
 31.74, -88.27
 31.73, -88.32
 31.72, -88.42
 31.7, -88.56
 31.68, -88.71
 31.65, -88.84
 31.65, -88.85
 31.62, -89.0
 31.59, -89.14
 31.57, -89.29
 31.57, -89.31
 31.56, -89.43
 31.54, -89.58
 31.51, -89.72
 31.48, -89.79
 31.45, -89.87
 31.37, -89.99
 31.35, -90.02
 31.26, -90.13
 31.22, -90.18
 31.15, -90.25
 31.09, -90.33
 31.04, -90.39
 30.96, -90.48
 30.92, -90.53
 30.84, -90.64
 30.81, -90.67
 30.74, -90.78
 30.7, -90.85
 30.66, -90.93
 30.59, -91.06
 30.58, -91.08
 30.53, -91.22
 30.49, -91.33
 30.48, -91.37
 30.43, -91.51
 30.39, -91.66
 30.39, -91.66
 30.34, -91.8
 30.29, -91.94
 30.28, -91.97
 30.24, -92.09
 30.17, -92.21
 30.16, -92.23
 30.07, -92.38
 30.06, -92.38
 29.96, -92.52
 29.95, -92.54
 29.87, -92.67
 29.84, -92.75
 29.81, -92.81
 29.77, -92.95
 29.73, -93.06
 29.72, -93.09
 29.65, -93.24
 29.62, -93.27
 29.53, -93.38
 29.5, -93.41
 29.39, -93.52
 29.38, -93.53
 29.27, -93.63
 29.22, -93.67
 29.16, -93.74
 29.07, -93.82
 29.04, -93.85
 28.93, -93.96
 28.92, -93.97
 28.81, -94.1
 28.81, -94.11
 28.7, -94.25
 28.69, -94.26
 28.6, -94.39
 28.58, -94.43
 28.53, -94.53
 28.52, -94.66
 28.55, -94.8
 28.59, -94.93
 28.59, -94.93
 28.62, -95.07
 28.62, -95.21
 28.6, -95.31
 28.59, -95.34
 28.5, -95.48
 28.48, -95.49
 28.36, -95.53
 28.24, -95.54
 28.12, -95.54
 28.0, -95.58
 27.94, -95.63
 27.89, -95.68
 27.81, -95.77
 27.77, -95.83
 27.73, -95.91
 27.65, -96.04
 27.65, -96.04
 27.58, -96.18
 27.54, -96.27
 27.51, -96.32
 27.43, -96.45
 27.42, -96.47
 27.35, -96.59
 27.3, -96.67
 27.26, -96.72
 27.18, -96.85
 27.17, -96.86
 27.1, -96.99
 27.06, -97.08
 27.05, -97.13
 27.01, -97.26
 26.99, -97.4
 26.98, -97.53
 26.98, -97.67
 27.0, -97.8
 27.04, -97.93
 27.06, -97.97
 27.13, -98.07
 27.18, -98.13
 27.24, -98.2
 27.29, -98.34
 27.29, -98.47
 27.23, -98.61
 27.18, -98.67
 27.11, -98.74
 27.06, -98.8
 26.97, -98.87
 26.93, -98.92
 26.86, -99.0
 26.81, -99.06
 26.72, -99.14
 26.69, -99.16
 26.57, -99.2
 26.45, -99.25
 26.42, -99.26
 26.33, -99.32
 26.25, -99.39
 26.21, -99.44
 26.09, -99.52
 26.09, -99.52
 25.98, -99.65
 25.97, -99.67
 25.94, -99.78
 25.92, -99.91
 25.89, -100.05
 25.84, -100.16
 25.83, -100.18
 25.72, -100.25
 25.6, -100.27
 25.48, -100.26
 25.36, -100.25
 25.24, -100.24
End:

Color: 221 86 78 255
Line: 3, 0, "500.0"
 33.83, -79.14
 33.88, -79.15
 33.9, -79.13
 33.98, -79.01
 34.0, -78.95
 34.06, -78.79
 34.06, -78.77
 34.08, -78.63
 34.09, -78.48
 34.08, -78.33
 34.08, -78.18
 34.08, -78.15
 34.08, -78.03
 34.08, -77.88
 34.03, -77.75
 34.01, -77.73
 33.88, -77.75
 33.8, -77.81
 33.78, -77.83
 33.68, -77.98
 33.68, -77.99
 33.69, -78.13
 33.72, -78.22
 33.74, -78.27
 33.77, -78.41
 33.78, -78.56
 33.78, -78.57
 33.79, -78.71
 33.78, -78.86
 33.77, -79.01
 33.83, -79.14
End:

Color: 221 86 78 255
Line: 3, 0, "500.0"
 35.19, -80.47
 35.2, -80.41
 35.22, -80.32
 35.29, -80.23
 35.36, -80.13
 35.39, -80.07
 35.42, -79.97
 35.43, -79.81
 35.4, -79.67
 35.36, -79.53
 35.3, -79.39
 35.27, -79.31
 35.24, -79.25
 35.18, -79.11
 35.12, -78.98
 35.08, -78.83
 35.06, -78.69
 35.14, -78.52
 35.14, -78.51
 35.24, -78.38
 35.34, -78.31
 35.35, -78.3
 35.45, -78.28
 35.47, -78.28
 35.6, -78.31
 35.72, -78.37
 35.74, -78.37
 35.87, -78.43
 35.91, -78.47
 36.02, -78.57
 36.03, -78.59
 36.12, -78.72
 36.15, -78.87
 36.15, -79.02
 36.14, -79.18
 36.14, -79.32
 36.14, -79.33
 36.16, -79.43
 36.17, -79.48
 36.21, -79.62
 36.23, -79.77
 36.22, -79.82
 36.22, -79.93
 36.19, -80.09
 36.16, -80.22
 36.15, -80.25
 36.09, -80.42
 36.07, -80.46
 35.97, -80.58
 35.92, -80.61
 35.85, -80.66
 35.74, -80.74
 35.63, -80.81
 35.51, -80.83
 35.39, -80.73
 35.37, -80.72
 35.28, -80.61
 35.21, -80.51
 35.19, -80.47
End:

Color: 221 86 78 255
Line: 3, 0, "500.0"
 35.04, -76.26
 35.11, -76.31
 35.24, -76.33
 35.36, -76.28
 35.46, -76.15
 35.46, -76.14
 35.5, -75.97
 35.51, -75.82
 35.46, -75.68
 35.36, -75.65
 35.24, -75.7
 35.2, -75.76
 35.14, -75.83
 35.09, -75.94
 35.06, -76.04
 35.04, -76.11
 35.04, -76.26
End:

Color: 221 86 78 255
Line: 4, 0, "1000.0"
 23.18, -77.0
 23.3, -76.99
 23.42, -77.0
 23.53, -77.04
 23.55, -77.05
 23.69, -77.13
 23.69, -77.14
 23.8, -77.24
 23.84, -77.29
 23.89, -77.35
 23.94, -77.47
 23.98, -77.59
 24.04, -77.71
 24.05, -77.71
 24.14, -77.82
 24.2, -77.86
 24.26, -77.92
 24.34, -77.99
 24.38, -78.03
 24.49, -78.11
 24.51, -78.13
 24.63, -78.2
 24.68, -78.22
 24.76, -78.24
 24.88, -78.26
 25.0, -78.26
 25.12, -78.25
 25.24, -78.22
 25.35, -78.18
 25.46, -78.12
 25.57, -78.05
 25.63, -78.0
 25.66, -77.87
 25.66, -77.85
 25.75, -77.71
 25.77, -77.69
 25.86, -77.66
 25.98, -77.63
 26.02, -77.63
 26.1, -77.63
 26.22, -77.65
 26.35, -77.68
 26.36, -77.69
 26.49, -77.76
 26.52, -77.78
 26.6, -77.9
 26.64, -78.03
 26.67, -78.16
 26.71, -78.28
 26.71, -78.28
 26.84, -78.32
 26.95, -78.26
 27.01, -78.21
 27.05, -78.17
 27.16, -78.06
 27.19, -78.03
 27.25, -77.93
 27.29, -77.87
 27.31, -77.73
 27.27, -77.6
 27.19, -77.48
 27.15, -77.35
 27.21, -77.2
 27.23, -77.18
 27.33, -77.09
 27.44, -77.01
 27.44, -77.0
 27.55, -76.93
 27.65, -76.84
 27.69, -76.8
 27.75, -76.73
 27.84, -76.63
 27.85, -76.59
 27.89, -76.47
 27.86, -76.34
 27.79, -76.29
 27.67, -76.25
 27.65, -76.25
 27.53, -76.24
 27.4, -76.22
 27.31, -76.21
 27.27, -76.2
 27.15, -76.18
 27.02, -76.17
 26.96, -76.16
 26.9, -76.15
 26.76, -76.1
 26.74, -76.08
 26.62, -75.98
 26.61, -75.96
 26.53, -75.87
 26.46, -75.75
 26.51, -75.6
 26.53, -75.58
 26.64, -75.52
 26.76, -75.5
 26.83, -75.51
 26.88, -75.52
 27.02, -75.58
 27.04, -75.59
 27.16, -75.65
 27.25, -75.67
 27.29, -75.68
 27.4, -75.65
 27.45, -75.62
 27.51, -75.57
 27.6, -75.44
 27.6, -75.43
 27.7, -75.32
 27.81, -75.26
 27.93, -75.24
 28.05, -75.24
 28.18, -75.23
 28.3, -75.23
 28.35, -75.23
 28.42, -75.23
 28.55, -75.25
 28.68, -75.28
 28.68, -75.28
 28.82, -75.33
 28.9, -75.36
 28.95, -75.37
 29.08, -75.39
 29.2, -75.38
 29.32, -75.37
 29.41, -75.35
 29.44, -75.35
 29.56, -75.33
 29.68, -75.29
 29.79, -75.25
 29.84, -75.23
 29.91, -75.21
 30.02, -75.15
 30.13, -75.09
 30.24, -75.03
 30.35, -74.98
 30.47, -74.95
 30.59, -74.92
 30.71, -74.9
 30.83, -74.88
 30.95, -74.85
 31.07, -74.83
 31.19, -74.8
 31.3, -74.77
 31.42, -74.74
 31.54, -74.71
 31.66, -74.67
 31.77, -74.63
 31.89, -74.59
 32.0, -74.54
 32.12, -74.49
 32.23, -74.44
 32.35, -74.39
 32.46, -74.34
 32.57, -74.29
 32.67, -74.25
 32.69, -74.24
 32.8, -74.19
 32.92, -74.15
 33.03, -74.11
 33.15, -74.08
 33.28, -74.06
 33.28, -74.06
 33.4, -74.06
 33.53, -74.07
 33.66, -74.08
 33.71, -74.08
 33.78, -74.08
 33.9, -74.06
 34.02, -74.03
 34.14, -73.99
 34.25, -73.95
 34.37, -73.9
 34.48, -73.85
 34.59, -73.8
 34.6, -73.8
 34.71, -73.75
 34.83, -73.7
 34.94, -73.65
 35.06, -73.6
 35.17, -73.54
 35.29, -73.49
 35.4, -73.43
 35.51, -73.36
 35.54, -73.34
 35.62, -73.28
 35.73, -73.2
 35.83, -73.11
 35.88, -73.07
 35.94, -73.02
 36.05, -72.94
 36.16, -72.86
 36.27, -72.8
 36.39, -72.77
 36.52, -72.81
 36.55, -72.84
 36.62, -72.98
 36.65, -73.12
 36.68, -73.27
 36.7, -73.42
 36.73, -73.57
 36.78, -73.71
 36.84, -73.85
 36.89, -73.99
 36.92, -74.05
 36.95, -74.13
 36.99, -74.27
 37.02, -74.42
 37.03, -74.57
 37.03, -74.58
 36.99, -74.74
 36.95, -74.82
 36.88, -74.93
 36.85, -74.97
 36.75, -75.08
 36.64, -75.16
 36.52, -75.2
 36.4, -75.19
 36.26, -75.15
 36.23, -75.14
 36.13, -75.1
 36.0, -75.05
 35.99, -75.05
 35.85, -74.99
 35.78, -74.96
 35.72, -74.93
 35.58, -74.88
 35.56, -74.88
 35.43, -74.77
 35.43, -74.76
 35.35, -74.64
 35.26, -74.54
 35.23, -74.52
 35.12, -74.49
 35.02, -74.58
 35.02, -74.58
 35.01, -74.74
 35.05, -74.88
 35.08, -75.02
 35.04, -75.19
 35.02, -75.22
 34.95, -75.37
 34.93, -75.39
 34.84, -75.55
 34.84, -75.56
 34.75, -75.72
 34.73, -75.74
 34.65, -75.84
 34.54, -75.93
 34.5, -75.96
 34.43, -76.01
 34.32, -76.08
 34.21, -76.18
 34.19, -76.2
 34.11, -76.3
 34.05, -76.39
 34.01, -76.44
 33.93, -76.57
 33.92, -76.6
 33.84, -76.75
 33.83, -76.77
 33.73, -76.92
 33.72, -76.93
 33.63, -77.01
 33.51, -77.07
 33.39, -77.1
 33.27, -77.13
 33.16, -77.18
 33.05, -77.24
 33.0, -77.27
 32.94, -77.32
 32.83, -77.41
 32.76, -77.49
 32.73, -77.53
 32.64, -77.66
 32.63, -77.69
 32.57, -77.83
 32.55, -77.9
 32.51, -77.99
 32.46, -78.12
 32.45, -78.15
 32.37, -78.31
 32.37, -78.32
 32.27, -78.45
 32.23, -78.5
 32.17, -78.56
 32.06, -78.64
 31.95, -78.7
 31.83, -78.74
 31.71, -78.76
 31.59, -78.76
 31.46, -78.73
 31.36, -78.71
 31.33, -78.71
 31.21, -78.7
 31.08, -78.7
 30.96, -78.71
 30.84, -78.73
 30.72, -78.76
 30.61, -78.79
 30.5, -78.86
 30.45, -78.93
 30.4, -79.01
 30.36, -79.1
 30.31, -79.2
 30.27, -79.26
 30.21, -79.34
 30.1, -79.44
 30.1, -79.44
 29.99, -79.5
 29.88, -79.56
 29.77, -79.62
 29.69, -79.68
 29.66, -79.7
 29.55, -79.79
 29.45, -79.87
 29.44, -79.88
 29.33, -79.96
 29.22, -80.03
 29.11, -80.09
 29.08, -80.1
 28.99, -80.12
 28.96, -80.12
 28.87, -80.13
 28.75, -80.12
 28.62, -80.1
 28.5, -80.1
 28.43, -80.1
 28.38, -80.1
 28.26, -80.12
 28.14, -80.14
 28.02, -80.17
 27.93, -80.2
 27.91, -80.22
 27.8, -80.29
 27.71, -80.39
 27.7, -80.41
 27.62, -80.55
 27.61, -80.58
 27.56, -80.7
 27.53, -80.84
 27.52, -80.84
 27.53, -80.98
 27.55, -81.01
 27.61, -81.1
 27.7, -81.16
 27.76, -81.21
 27.84, -81.27
 27.89, -81.32
 27.98, -81.41
 28.0, -81.43
 28.1, -81.55
 28.13, -81.59
 28.2, -81.67
 28.28, -81.75
 28.32, -81.78
 28.42, -81.88
 28.44, -81.9
 28.52, -82.02
 28.54, -82.15
 28.56, -82.29
 28.57, -82.43
 28.59, -82.56
 28.63, -82.69
 28.67, -82.8
 28.69, -82.82
 28.77, -82.94
 28.83, -83.03
 28.86, -83.07
 28.93, -83.19
 28.97, -83.33
 29.0, -83.46
 29.01, -83.6
 29.04, -83.73
 29.05, -83.78
 29.08, -83.86
 29.14, -83.99
 29.21, -84.12
 29.22, -84.15
 29.28, -84.25
 29.35, -84.37
 29.37, -84.41
 29.47, -84.49
 29.51, -84.52
 29.64, -84.58
 29.71, -84.6
 29.76, -84.6
 29.88, -84.6
 30.0, -84.57
 30.12, -84.53
 30.14, -84.52
 30.23, -84.46
 30.32, -84.35
 30.31, -84.21
 30.27, -84.08
 30.21, -83.95
 30.16, -83.82
 30.15, -83.8
 30.11, -83.68
 30.1, -83.55
 30.11, -83.5
 30.14, -83.4
 30.2, -83.29
 30.32, -83.25
 30.45, -83.33
 30.47, -83.34
 30.57, -83.46
 30.6, -83.49
 30.71, -83.58
 30.73, -83.6
 30.86, -83.66
 30.91, -83.69
 31.0, -83.75
 31.06, -83.8
 31.13, -83.85
 31.26, -83.88
 31.38, -83.88
 31.4, -83.89
 31.5, -83.89
 31.63, -83.92
 31.74, -83.97
 31.76, -83.99
 31.85, -84.09
 31.89, -84.23
 31.88, -84.38
 31.86, -84.52
 31.9, -84.66
 31.97, -84.72
 32.1, -84.72
 32.16, -84.62
 32.16, -84.47
 32.15, -84.33
 32.15, -84.2
 32.15, -84.19
 32.19, -84.03
 32.24, -83.94
 32.28, -83.88
 32.34, -83.75
 32.36, -83.72
 32.44, -83.59
 32.48, -83.55
 32.55, -83.48
 32.67, -83.42
 32.79, -83.38
 32.91, -83.39
 33.04, -83.43
 33.08, -83.44
 33.17, -83.49
 33.26, -83.55
 33.31, -83.69
 33.28, -83.84
 33.23, -83.97
 33.22, -84.0
 33.15, -84.16
 33.13, -84.2
 33.09, -84.32
 33.04, -84.44
 33.03, -84.47
 32.97, -84.63
 32.95, -84.68
 32.9, -84.79
 32.85, -84.91
 32.83, -84.94
 32.76, -85.1
 32.75, -85.12
 32.65, -85.26
 32.64, -85.26
 32.53, -85.35
 32.42, -85.41
 32.3, -85.46
 32.29, -85.46
 32.19, -85.51
 32.07, -85.58
 31.98, -85.66
 31.96, -85.68
 31.85, -85.82
 31.85, -85.82
 31.76, -85.98
 31.75, -86.0
 31.67, -86.13
 31.65, -86.17
 31.56, -86.29
 31.54, -86.33
 31.44, -86.45
 31.43, -86.46
 31.33, -86.61
 31.33, -86.62
 31.26, -86.76
 31.23, -86.85
 31.21, -86.91
 31.17, -87.06
 31.14, -87.16
 31.13, -87.21
 31.09, -87.35
 31.07, -87.5
 31.06, -87.6
 31.05, -87.64
 31.05, -87.79
 31.03, -87.93
 31.0, -88.07
 30.98, -88.12
 30.96, -88.22
 30.91, -88.37
 30.89, -88.46
 30.88, -88.51
 30.88, -88.65
 30.89, -88.8
 30.89, -88.94
 30.89, -89.08
 30.88, -89.22
 30.86, -89.36
 30.85, -89.47
 30.85, -89.51
 30.86, -89.65
 30.87, -89.79
 30.86, -89.93
 30.83, -90.07
 30.78, -90.18
 30.77, -90.22
 30.69, -90.37
 30.67, -90.39
 30.6, -90.52
 30.56, -90.57
 30.51, -90.66
 30.46, -90.75
 30.42, -90.81
 30.35, -90.94
 30.33, -90.96
 30.24, -91.11
 30.24, -91.12
 30.17, -91.25
 30.13, -91.38
 30.12, -91.4
 30.09, -91.54
 30.06, -91.68
 30.04, -91.82
 30.04, -91.85
 30.01, -91.96
 29.95, -92.11
 29.93, -92.14
 29.85, -92.25
 29.82, -92.3
 29.74, -92.4
 29.7, -92.45
 29.63, -92.54
 29.59, -92.62
 29.55, -92.69
 29.48, -92.82
 29.48, -92.83
 29.41, -92.97
 29.37, -93.05
 29.33, -93.11
 29.26, -93.22
 29.23, -93.26
 29.14, -93.36
 29.1, -93.4
 29.03, -93.48
 28.96, -93.55
 28.91, -93.6
 28.83, -93.69
 28.79, -93.74
 28.72, -93.83
 28.68, -93.89
 28.63, -93.97
 28.56, -94.06
 28.52, -94.12
 28.45, -94.19
 28.38, -94.26
 28.33, -94.32
 28.26, -94.4
 28.22, -94.49
 28.2, -94.54
 28.18, -94.67
 28.19, -94.81
 28.2, -94.95
 28.15, -95.08
 28.11, -95.12
 28.0, -95.2
 27.97, -95.22
 27.88, -95.29
 27.8, -95.37
 27.76, -95.4
 27.69, -95.5
 27.64, -95.57
 27.6, -95.64
 27.54, -95.78
 27.53, -95.79
 27.47, -95.91
 27.41, -96.03
 27.4, -96.05
 27.31, -96.19
 27.3, -96.21
 27.21, -96.32
 27.18, -96.36
 27.1, -96.46
 27.06, -96.51
 27.01, -96.59
 26.94, -96.71
 26.94, -96.73
 26.88, -96.86
 26.83, -97.0
 26.82, -97.01
 26.78, -97.13
 26.74, -97.26
 26.72, -97.4
 26.71, -97.51
 26.7, -97.53
 26.7, -97.67
 26.69, -97.8
 26.68, -97.93
 26.66, -98.07
 26.58, -98.16
 26.46, -98.18
 26.35, -98.15
 26.23, -98.11
 26.11, -98.09
 25.99, -98.13
 25.93, -98.19
 25.87, -98.29
 25.86, -98.32
 25.83, -98.46
 25.8, -98.59
 25.77, -98.72
 25.74, -98.81
 25.72, -98.85
 25.63, -98.98
 25.62, -99.0
 25.53, -99.11
 25.5, -99.22
 25.49, -99.24
 25.49, -99.37
 25.5, -99.39
 25.51, -99.51
 25.54, -99.64
 25.56, -99.77
 25.54, -99.9
 25.48, -99.97
 25.36, -100.03
 25.35, -100.03
 25.25, -100.04
End:

Color: 221 86 78 255
Line: 4, 0, "1000.0"
 28.84, -81.54
 28.85, -81.52
 28.96, -81.47
 29.01, -81.51
 28.98, -81.57
 28.86, -81.58
 28.84, -81.54
End:

Color: 221 86 78 255
Line: 4, 0, "1000.0"
 31.12, -82.08
 31.06, -81.95
 31.01, -81.81
 31.07, -81.66
 31.07, -81.65
 31.08, -81.65
 31.2, -81.68
 31.33, -81.75
 31.33, -81.75
 31.37, -81.88
 31.36, -81.93
 31.3, -82.04
 31.26, -82.1
 31.14, -82.1
 31.12, -82.08
End:

Color: 221 86 78 255
Line: 4, 0, "1000.0"
 33.07, -79.62
 33.08, -79.52
 33.19, -79.46
 33.3, -79.57
 33.31, -79.71
 33.24, -79.76
 33.18, -79.74
 33.1, -79.68
 33.07, -79.62
End:

Color: 187 45 29 255
Line: 4, 0, "2000.0"
 23.87, -80.7
 23.99, -80.68
 24.11, -80.66
 24.22, -80.63
 24.34, -80.59
 24.45, -80.53
 24.45, -80.53
 24.56, -80.47
 24.67, -80.41
 24.78, -80.34
 24.81, -80.32
 24.89, -80.27
 24.99, -80.2
 25.09, -80.13
 25.1, -80.12
 25.18, -79.98
 25.19, -79.95
 25.24, -79.83
 25.28, -79.76
 25.33, -79.68
 25.38, -79.62
 25.47, -79.51
 25.48, -79.51
 25.58, -79.42
 25.69, -79.35
 25.81, -79.31
 25.92, -79.3
 26.05, -79.31
 26.17, -79.34
 26.21, -79.35
 26.3, -79.38
 26.43, -79.41
 26.53, -79.41
 26.55, -79.42
 26.67, -79.39
 26.7, -79.38
 26.78, -79.34
 26.9, -79.3
 27.01, -79.26
 27.13, -79.23
 27.25, -79.2
 27.36, -79.15
 27.47, -79.07
 27.47, -79.07
 27.57, -78.98
 27.68, -78.9
 27.71, -78.87
 27.79, -78.81
 27.89, -78.73
 27.94, -78.68
 28.0, -78.63
 28.1, -78.52
 28.11, -78.5
 28.2, -78.38
 28.23, -78.34
 28.29, -78.22
 28.31, -78.18
 28.38, -78.06
 28.41, -78.01
 28.48, -77.92
 28.54, -77.84
 28.58, -77.79
 28.66, -77.67
 28.67, -77.65
 28.76, -77.51
 28.77, -77.5
 28.86, -77.35
 28.87, -77.34
 28.96, -77.23
 29.03, -77.16
 29.06, -77.13
 29.17, -77.05
 29.28, -76.98
 29.39, -76.92
 29.39, -76.92
 29.51, -76.87
 29.62, -76.83
 29.74, -76.8
 29.86, -76.78
 29.98, -76.76
 30.04, -76.75
 30.1, -76.75
 30.22, -76.73
 30.34, -76.71
 30.45, -76.67
 30.57, -76.62
 30.69, -76.58
 30.81, -76.57
 30.93, -76.58
 31.06, -76.58
 31.18, -76.56
 31.29, -76.5
 31.39, -76.4
 31.4, -76.38
 31.49, -76.26
 31.53, -76.2
 31.58, -76.11
 31.65, -76.02
 31.68, -75.99
 31.79, -75.9
 31.9, -75.83
 31.98, -75.79
 32.01, -75.77
 32.13, -75.73
 32.24, -75.69
 32.36, -75.66
 32.48, -75.63
 32.6, -75.6
 32.72, -75.57
 32.84, -75.54
 32.88, -75.53
 32.96, -75.51
 33.08, -75.48
 33.2, -75.48
 33.33, -75.5
 33.41, -75.52
 33.47, -75.58
 33.51, -75.64
 33.53, -75.79
 33.52, -75.82
 33.47, -75.95
 33.43, -76.01
 33.33, -76.12
 33.29, -76.15
 33.22, -76.2
 33.11, -76.28
 33.0, -76.37
 32.99, -76.39
 32.9, -76.47
 32.8, -76.58
 32.78, -76.59
 32.69, -76.68
 32.59, -76.78
 32.56, -76.8
 32.48, -76.87
 32.37, -76.95
 32.26, -77.02
 32.19, -77.05
 32.14, -77.07
 32.03, -77.09
 32.01, -77.1
 31.9, -77.1
 31.78, -77.11
 31.66, -77.12
 31.54, -77.14
 31.42, -77.18
 31.31, -77.25
 31.26, -77.29
 31.2, -77.33
 31.09, -77.41
 30.99, -77.5
 30.98, -77.51
 30.88, -77.59
 30.77, -77.68
 30.74, -77.71
 30.67, -77.78
 30.56, -77.87
 30.49, -77.92
 30.45, -77.95
 30.34, -78.02
 30.23, -78.1
 30.18, -78.14
 30.13, -78.19
 30.02, -78.29
 30.0, -78.33
 29.93, -78.43
 29.88, -78.5
 29.83, -78.57
 29.72, -78.68
 29.72, -78.68
 29.62, -78.76
 29.51, -78.87
 29.51, -78.87
 29.41, -78.99
 29.36, -79.05
 29.31, -79.12
 29.23, -79.22
 29.21, -79.24
 29.11, -79.38
 29.1, -79.39
 29.01, -79.49
 28.9, -79.55
 28.77, -79.56
 28.65, -79.55
 28.53, -79.57
 28.42, -79.6
 28.3, -79.65
 28.19, -79.7
 28.07, -79.75
 27.98, -79.78
 27.96, -79.79
 27.84, -79.82
 27.72, -79.85
 27.61, -79.87
 27.49, -79.89
 27.37, -79.91
 27.35, -79.92
 27.25, -79.93
 27.13, -79.95
 27.01, -79.97
 26.9, -79.98
 26.78, -80.0
 26.66, -80.02
 26.54, -80.05
 26.43, -80.09
 26.32, -80.14
 26.32, -80.14
 26.2, -80.18
 26.08, -80.21
 25.96, -80.22
 25.95, -80.22
 25.84, -80.22
 25.72, -80.22
 25.6, -80.23
 25.49, -80.26
 25.42, -80.33
 25.39, -80.38
 25.37, -80.47
 25.35, -80.61
 25.33, -80.75
 25.33, -80.77
 25.31, -80.89
 25.27, -81.03
 25.26, -81.07
 25.23, -81.17
 25.21, -81.31
 25.2, -81.44
 25.2, -81.46
 25.2, -81.58
 25.18, -81.71
 25.16, -81.85
 25.15, -81.92
 25.15, -81.98
 25.16, -82.12
 25.18, -82.24
 25.21, -82.37
 25.23, -82.5
 25.23, -82.63
 25.23, -82.77
 25.22, -82.9
 25.24, -83.03
 25.28, -83.16
 25.34, -83.28
 25.36, -83.31
 25.42, -83.4
 25.5, -83.52
 25.51, -83.53
 25.6, -83.63
 25.65, -83.69
 25.71, -83.75
 25.79, -83.82
 25.84, -83.86
 25.93, -83.93
 26.0, -83.97
 26.06, -84.0
 26.18, -84.04
 26.3, -84.05
 26.3, -84.06
 26.33, -84.05
 26.42, -84.03
 26.53, -83.98
 26.65, -83.92
 26.76, -83.88
 26.88, -83.85
 27.0, -83.82
 27.12, -83.82
 27.24, -83.83
 27.32, -83.88
 27.37, -83.93
 27.42, -84.01
 27.52, -84.11
 27.53, -84.12
 27.65, -84.21
 27.68, -84.23
 27.78, -84.28
 27.91, -84.32
 27.93, -84.33
 28.03, -84.36
 28.16, -84.4
 28.23, -84.42
 28.29, -84.44
 28.41, -84.49
 28.47, -84.52
 28.55, -84.59
 28.59, -84.64
 28.64, -84.77
 28.68, -84.9
 28.7, -85.03
 28.72, -85.17
 28.74, -85.3
 28.76, -85.44
 28.78, -85.57
 28.79, -85.59
 28.82, -85.71
 28.86, -85.84
 28.9, -85.97
 28.95, -86.1
 28.98, -86.23
 28.98, -86.24
 28.98, -86.25
 28.97, -86.38
 28.88, -86.47
 28.82, -86.54
 28.78, -86.6
 28.75, -86.68
 28.76, -86.82
 28.79, -86.95
 28.81, -87.09
 28.82, -87.23
 28.84, -87.36
 28.86, -87.44
 28.9, -87.49
 28.94, -87.63
 28.95, -87.76
 28.96, -87.9
 29.01, -88.03
 29.04, -88.06
 29.16, -88.04
 29.18, -88.01
 29.26, -87.86
 29.25, -87.73
 29.19, -87.59
 29.16, -87.46
 29.21, -87.31
 29.21, -87.31
 29.32, -87.22
 29.44, -87.16
 29.47, -87.14
 29.55, -87.1
 29.67, -87.02
 29.71, -86.97
 29.78, -86.91
 29.89, -86.83
 29.95, -86.8
 30.01, -86.78
 30.13, -86.77
 30.14, -86.77
 30.26, -86.86
 30.28, -86.9
 30.35, -87.03
 30.4, -87.16
 30.41, -87.21
 30.44, -87.3
 30.45, -87.44
 30.45, -87.58
 30.45, -87.61
 30.44, -87.72
 30.41, -87.86
 30.38, -88.01
 30.37, -88.05
 30.34, -88.15
 30.31, -88.3
 30.29, -88.44
 30.29, -88.48
 30.27, -88.58
 30.26, -88.72
 30.25, -88.87
 30.23, -89.01
 30.22, -89.11
 30.21, -89.15
 30.18, -89.29
 30.14, -89.44
 30.12, -89.47
 30.09, -89.58
 30.04, -89.73
 30.03, -89.79
 30.0, -89.87
 29.96, -90.01
 29.93, -90.11
 29.91, -90.16
 29.85, -90.3
 29.82, -90.34
 29.76, -90.45
 29.71, -90.51
 29.66, -90.6
 29.6, -90.68
 29.57, -90.74
 29.5, -90.88
 29.49, -90.89
 29.43, -91.03
 29.39, -91.15
 29.38, -91.18
 29.35, -91.32
 29.32, -91.46
 29.3, -91.58
 29.29, -91.6
 29.27, -91.74
 29.24, -91.88
 29.2, -92.01
 29.2, -92.02
 29.14, -92.16
 29.09, -92.26
 29.07, -92.3
 28.99, -92.45
 28.98, -92.46
 28.9, -92.59
 28.87, -92.64
 28.81, -92.73
 28.76, -92.81
 28.72, -92.87
 28.64, -92.98
 28.62, -93.02
 28.53, -93.12
 28.49, -93.16
 28.41, -93.22
 28.32, -93.31
 28.3, -93.33
 28.18, -93.44
 28.18, -93.45
 28.07, -93.59
 28.07, -93.59
 28.0, -93.73
 27.96, -93.82
 27.94, -93.87
 27.89, -94.01
 27.85, -94.13
 27.84, -94.14
 27.8, -94.28
 27.75, -94.42
 27.74, -94.45
 27.69, -94.56
 27.62, -94.69
 27.62, -94.69
 27.51, -94.83
 27.5, -94.83
 27.39, -94.96
 27.38, -94.97
 27.29, -95.11
 27.28, -95.13
 27.21, -95.25
 27.16, -95.33
 27.13, -95.38
 27.04, -95.51
 27.04, -95.52
 26.97, -95.65
 26.93, -95.72
 26.89, -95.79
 26.82, -95.93
 26.81, -95.94
 26.76, -96.06
 26.7, -96.2
 26.7, -96.21
 26.66, -96.33
 26.62, -96.46
 26.58, -96.59
 26.58, -96.6
 26.53, -96.73
 26.47, -96.86
 26.46, -96.87
 26.36, -97.0
 26.35, -97.03
 26.26, -97.13
 26.23, -97.18
 26.16, -97.27
 26.11, -97.32
 26.04, -97.4
 25.99, -97.46
 25.94, -97.53
 25.87, -97.63
 25.85, -97.66
 25.77, -97.8
 25.75, -97.82
 25.67, -97.93
 25.63, -98.0
 25.59, -98.06
 25.54, -98.19
 25.51, -98.27
 25.49, -98.32
 25.4, -98.45
 25.39, -98.46
 25.27, -98.51
End:

Color: 187 45 29 255
Line: 5, 0, "3000.0"
 24.36, -83.88
 24.48, -83.92
 24.53, -83.95
 24.61, -84.0
 24.69, -84.05
 24.75, -84.09
 24.83, -84.16
 24.88, -84.2
 24.96, -84.27
 25.02, -84.32
 25.08, -84.38
 25.15, -84.46
 25.2, -84.5
 25.29, -84.59
 25.31, -84.61
 25.43, -84.71
 25.44, -84.73
 25.56, -84.83
 25.57, -84.84
 25.68, -84.96
 25.7, -84.98
 25.78, -85.07
 25.84, -85.16
 25.86, -85.19
 25.96, -85.31
 25.98, -85.35
 26.06, -85.43
 26.12, -85.5
 26.18, -85.55
 26.26, -85.61
 26.35, -85.66
 26.38, -85.68
 26.51, -85.71
 26.63, -85.73
 26.74, -85.74
 26.75, -85.74
 26.87, -85.73
 26.99, -85.72
 27.11, -85.7
 27.23, -85.68
 27.35, -85.67
 27.47, -85.67
 27.59, -85.71
 27.65, -85.74
 27.72, -85.81
 27.77, -85.86
 27.85, -85.98
 27.87, -86.01
 27.95, -86.11
 28.0, -86.16
 28.11, -86.22
 28.13, -86.24
 28.2, -86.35
 28.21, -86.48
 28.22, -86.62
 28.23, -86.75
 28.27, -86.89
 28.31, -87.02
 28.33, -87.15
 28.34, -87.29
 28.32, -87.43
 28.27, -87.57
 28.27, -87.57
 28.16, -87.66
 28.08, -87.73
 28.05, -87.75
 27.93, -87.85
 27.9, -87.89
 27.82, -87.96
 27.74, -88.04
 27.71, -88.07
 27.63, -88.19
 27.61, -88.24
 27.59, -88.33
 27.6, -88.47
 27.63, -88.53
 27.67, -88.59
 27.77, -88.72
 27.77, -88.72
 27.84, -88.85
 27.88, -88.98
 27.92, -89.07
 27.94, -89.11
 28.04, -89.24
 28.06, -89.25
 28.18, -89.32
 28.3, -89.34
 28.37, -89.34
 28.42, -89.34
 28.54, -89.34
 28.67, -89.38
 28.77, -89.44
 28.79, -89.45
 28.91, -89.56
 28.92, -89.58
 29.03, -89.69
 29.06, -89.72
 29.13, -89.81
 29.18, -89.95
 29.15, -90.09
 29.09, -90.2
 29.06, -90.24
 28.98, -90.3
 28.86, -90.36
 28.77, -90.4
 28.74, -90.41
 28.63, -90.48
 28.54, -90.56
 28.51, -90.58
 28.45, -90.7
 28.41, -90.78
 28.38, -90.84
 28.33, -90.98
 28.3, -91.07
 28.29, -91.12
 28.23, -91.26
 28.2, -91.36
 28.18, -91.41
 28.11, -91.55
 28.09, -91.58
 28.03, -91.69
 27.98, -91.77
 27.94, -91.83
 27.87, -91.94
 27.85, -91.97
 27.76, -92.08
 27.7, -92.12
 27.64, -92.16
 27.52, -92.16
 27.5, -92.13
 27.43, -92.0
 27.39, -91.91
 27.38, -91.87
 27.34, -91.74
 27.29, -91.61
 27.25, -91.52
 27.23, -91.48
 27.16, -91.35
 27.12, -91.27
 27.08, -91.22
 26.99, -91.11
 26.97, -91.09
 26.86, -91.01
 26.77, -90.97
 26.74, -90.96
 26.62, -90.95
 26.5, -90.95
 26.38, -90.97
 26.26, -90.97
 26.14, -90.95
 26.02, -90.93
 25.9, -90.91
 25.89, -90.91
 25.78, -90.91
 25.72, -90.92
 25.66, -90.94
 25.55, -91.01
 25.49, -91.07
 25.43, -91.12
 25.33, -91.22
 25.32, -91.22
 25.21, -91.3
 25.09, -91.35
End:

Color: 187 45 29 255
Line: 5, 0, "3000.0"
 25.62, -96.48
 25.63, -96.45
 25.66, -96.34
 25.73, -96.21
 25.74, -96.2
 25.79, -96.21
 25.8, -96.34
 25.75, -96.43
 25.65, -96.48
 25.63, -96.48
 25.62, -96.48
End:

Color: 187 45 29 255
Line: 5, 0, "3000.0"
 27.21, -93.63
 27.23, -93.6
 27.25, -93.63
 27.23, -93.65
 27.21, -93.63
End:

