Title: Tornadic Tilting and Stretching Parameter 17Z HRRR | Valid: 18:00Z Mon Aug 10 2020
RefreshSeconds: 60
TimeRange: 2020-08-10T17:30:01Z 2020-08-10T18:30:00Z
Color: 236 144 74 255
Line: 1, 0, "0.25"
 50.01, -85.35
 49.89, -85.34
 49.79, -85.31
 49.77, -85.3
 49.67, -85.15
 49.64, -84.97
 49.62, -84.79
 49.61, -84.6
 49.6, -84.42
 49.61, -84.23
 49.62, -84.04
 49.64, -83.92
 49.66, -83.85
 49.74, -83.64
 49.74, -83.64
 49.84, -83.51
End:

Color: 236 144 74 255
Line: 1, 0, "0.25"
 49.5, -80.4
 49.38, -80.4
 49.33, -80.39
 49.25, -80.37
 49.14, -80.26
 49.11, -80.23
 49.05, -80.1
 48.99, -79.93
 48.93, -79.77
 48.93, -79.76
 48.86, -79.6
 48.78, -79.44
 48.77, -79.43
 48.64, -79.29
 48.63, -79.28
 48.5, -79.21
 48.42, -79.18
 48.37, -79.16
 48.24, -79.1
 48.17, -79.07
 48.11, -79.04
 47.98, -78.94
 47.97, -78.93
 47.88, -78.79
 47.85, -78.62
 47.88, -78.42
 47.89, -78.4
 47.96, -78.22
 47.98, -78.16
 48.05, -78.0
 48.06, -77.87
 48.07, -77.81
 48.05, -77.8
 47.94, -77.67
 47.91, -77.66
 47.77, -77.57
 47.74, -77.55
 47.64, -77.49
 47.56, -77.43
 47.5, -77.36
 47.44, -77.29
 47.36, -77.13
 47.33, -77.04
 47.3, -76.97
 47.27, -76.8
 47.27, -76.7
 47.27, -76.61
 47.33, -76.41
 47.34, -76.37
 47.44, -76.2
 47.45, -76.19
 47.54, -76.06
 47.65, -75.95
 47.66, -75.93
 47.75, -75.83
 47.86, -75.75
 47.98, -75.7
 48.1, -75.66
 48.21, -75.62
 48.33, -75.56
 48.44, -75.5
 48.55, -75.44
 48.67, -75.38
 48.68, -75.38
 48.78, -75.33
End:

Color: 236 144 74 255
Line: 1, 0, "0.25"
 38.93, -87.34
 38.88, -87.19
 38.88, -87.03
 38.91, -86.87
 38.93, -86.81
 38.98, -86.7
 39.04, -86.6
 39.09, -86.53
 39.14, -86.45
 39.25, -86.34
 39.26, -86.34
 39.37, -86.23
 39.49, -86.17
 39.61, -86.15
 39.73, -86.14
 39.85, -86.14
 39.98, -86.16
 40.1, -86.21
 40.1, -86.21
 40.23, -86.26
 40.35, -86.33
 40.36, -86.33
 40.49, -86.42
 40.54, -86.46
 40.62, -86.51
 40.75, -86.56
 40.81, -86.58
 40.87, -86.6
 41.0, -86.64
 41.1, -86.69
 41.13, -86.72
 41.26, -86.83
 41.26, -86.83
 41.38, -86.98
 41.4, -87.05
 41.44, -87.13
 41.47, -87.29
 41.54, -87.44
 41.56, -87.46
 41.69, -87.57
 41.71, -87.58
 41.82, -87.61
 41.94, -87.63
 42.06, -87.62
 42.18, -87.59
 42.3, -87.55
 42.42, -87.52
 42.54, -87.5
 42.66, -87.5
 42.79, -87.51
 42.91, -87.54
 42.98, -87.56
 43.04, -87.57
 43.16, -87.59
 43.28, -87.6
 43.41, -87.6
 43.53, -87.57
 43.64, -87.53
 43.76, -87.47
 43.82, -87.43
 43.88, -87.39
 43.99, -87.3
 44.11, -87.23
 44.12, -87.22
 44.22, -87.12
 44.34, -87.04
 44.38, -87.01
 44.45, -86.94
 44.56, -86.82
 44.57, -86.81
 44.67, -86.62
 44.67, -86.62
 44.67, -86.45
 44.65, -86.42
 44.52, -86.35
 44.4, -86.33
 44.35, -86.33
 44.28, -86.32
 44.15, -86.3
 44.03, -86.25
 43.99, -86.22
 43.89, -86.09
 43.88, -86.07
 43.86, -85.9
 43.87, -85.88
 43.96, -85.72
 43.98, -85.7
 44.09, -85.6
 44.18, -85.51
 44.2, -85.48
 44.31, -85.35
 44.35, -85.31
 44.42, -85.21
 44.51, -85.1
 44.53, -85.08
 44.64, -84.95
 44.67, -84.9
 44.74, -84.76
 44.76, -84.71
 44.8, -84.53
 44.83, -84.44
 44.85, -84.35
 44.89, -84.17
 44.92, -84.09
 44.94, -83.98
 44.97, -83.81
 44.95, -83.64
 44.85, -83.5
 44.85, -83.49
 44.73, -83.34
 44.7, -83.17
 44.79, -82.98
 44.8, -82.97
 44.91, -82.9
 45.03, -82.89
 45.09, -82.91
 45.16, -82.94
 45.29, -83.02
 45.32, -83.04
 45.42, -83.1
 45.52, -83.16
 45.56, -83.19
 45.69, -83.28
 45.72, -83.29
 45.82, -83.36
 45.95, -83.41
 46.03, -83.4
 46.07, -83.4
 46.08, -83.39
 46.18, -83.34
 46.3, -83.25
 46.41, -83.18
 46.53, -83.18
 46.63, -83.27
 46.67, -83.33
 46.71, -83.43
 46.74, -83.6
 46.75, -83.77
 46.75, -83.95
 46.74, -84.03
 46.74, -84.13
 46.73, -84.31
 46.72, -84.49
 46.75, -84.66
 46.81, -84.83
 46.82, -84.85
 46.89, -84.99
 46.94, -85.16
 46.95, -85.33
 46.95, -85.51
 46.93, -85.69
 46.91, -85.82
 46.91, -85.88
 46.89, -86.06
 46.87, -86.24
 46.85, -86.42
 46.85, -86.47
 46.84, -86.6
 46.84, -86.78
 46.84, -86.95
 46.85, -87.13
 46.86, -87.3
 46.87, -87.48
 46.87, -87.66
 46.83, -87.83
 46.83, -87.84
 46.72, -88.03
 46.72, -88.03
 46.61, -88.15
 46.51, -88.24
 46.5, -88.25
 46.38, -88.36
 46.28, -88.45
 46.27, -88.46
 46.15, -88.59
 46.1, -88.65
 46.04, -88.72
 45.93, -88.84
 45.92, -88.85
 45.82, -88.96
 45.73, -89.05
 45.7, -89.08
 45.59, -89.19
 45.51, -89.25
 45.47, -89.29
 45.36, -89.37
 45.24, -89.42
 45.12, -89.44
 44.99, -89.4
 44.91, -89.33
 44.86, -89.23
 44.84, -89.16
 44.81, -89.0
 44.81, -88.83
 44.81, -88.65
 44.79, -88.49
 44.68, -88.41
 44.57, -88.48
 44.53, -88.52
 44.46, -88.63
 44.42, -88.71
 44.35, -88.88
 44.35, -88.89
 44.27, -89.07
 44.25, -89.11
 44.14, -89.25
 44.13, -89.26
 44.02, -89.38
 43.95, -89.45
 43.91, -89.5
 43.79, -89.62
 43.78, -89.64
 43.68, -89.76
 43.62, -89.82
 43.56, -89.88
 43.45, -89.98
 43.41, -90.01
 43.33, -90.07
 43.22, -90.17
 43.17, -90.21
 43.1, -90.27
 42.98, -90.36
 42.89, -90.4
 42.86, -90.42
 42.75, -90.51
 42.67, -90.59
 42.63, -90.66
 42.57, -90.77
 42.53, -90.9
 42.44, -90.95
 42.41, -90.97
 42.4, -90.95
 42.36, -90.79
 42.32, -90.63
 42.27, -90.47
 42.26, -90.45
 42.19, -90.31
 42.12, -90.19
 42.1, -90.16
 41.99, -90.02
 41.98, -90.01
 41.86, -89.87
 41.85, -89.86
 41.73, -89.71
 41.72, -89.69
 41.63, -89.56
 41.59, -89.46
 41.55, -89.4
 41.49, -89.25
 41.45, -89.09
 41.43, -89.01
 41.39, -88.93
 41.3, -88.85
 41.25, -88.95
 41.21, -89.12
 41.21, -89.24
 41.21, -89.28
 41.21, -89.44
 41.21, -89.6
 41.19, -89.77
 41.17, -89.93
 41.14, -90.09
 41.14, -90.1
 41.1, -90.26
 41.06, -90.43
 41.04, -90.5
 41.01, -90.6
 40.96, -90.76
 40.94, -90.84
 40.9, -90.93
 40.83, -91.06
 40.8, -91.1
 40.71, -91.2
 40.59, -91.28
 40.47, -91.28
 40.35, -91.21
 40.29, -91.15
 40.22, -91.04
 40.19, -91.0
 40.13, -90.84
 40.1, -90.69
 40.12, -90.52
 40.18, -90.36
 40.18, -90.36
 40.26, -90.19
 40.27, -90.03
 40.22, -89.88
 40.14, -89.78
 40.11, -89.73
 40.01, -89.6
 40.0, -89.58
 39.93, -89.43
 39.86, -89.28
 39.86, -89.28
 39.81, -89.12
 39.77, -88.97
 39.73, -88.82
 39.7, -88.69
 39.69, -88.66
 39.64, -88.51
 39.58, -88.36
 39.55, -88.28
 39.5, -88.21
 39.41, -88.06
 39.41, -88.06
 39.31, -87.92
 39.27, -87.86
 39.2, -87.77
 39.13, -87.68
 39.09, -87.63
 39.0, -87.49
 38.99, -87.45
 38.93, -87.34
End:

Color: 236 144 74 255
Line: 1, 0, "0.25"
 45.44, -77.04
 45.39, -76.88
 45.39, -76.71
 45.41, -76.63
 45.45, -76.51
 45.5, -76.43
 45.61, -76.34
 45.73, -76.31
 45.85, -76.34
 45.9, -76.36
 45.99, -76.4
 46.09, -76.47
 46.13, -76.5
 46.26, -76.6
 46.27, -76.6
 46.4, -76.68
 46.45, -76.71
 46.54, -76.77
 46.62, -76.84
 46.69, -76.95
 46.72, -76.98
 46.77, -77.15
 46.77, -77.32
 46.76, -77.39
 46.74, -77.52
 46.68, -77.66
 46.65, -77.73
 46.58, -77.83
 46.47, -77.93
 46.36, -77.99
 46.24, -78.01
 46.11, -77.98
 46.02, -77.92
 45.97, -77.9
 45.86, -77.79
 45.83, -77.75
 45.75, -77.65
 45.67, -77.5
 45.67, -77.5
 45.58, -77.35
 45.51, -77.2
 45.49, -77.14
 45.44, -77.04
End:

Color: 236 144 74 255
Line: 2, 0, "0.5"
 49.45, -79.99
 49.44, -79.98
 49.32, -79.93
 49.26, -79.85
 49.17, -79.71
 49.16, -79.69
 49.08, -79.53
 49.01, -79.38
 49.0, -79.37
 48.9, -79.21
 48.86, -79.16
 48.77, -79.07
 48.72, -79.03
 48.58, -78.94
 48.58, -78.94
 48.45, -78.88
 48.36, -78.83
 48.32, -78.8
 48.18, -78.72
 48.17, -78.7
 48.08, -78.55
 48.08, -78.36
 48.12, -78.25
 48.15, -78.16
 48.21, -78.02
 48.25, -77.94
 48.24, -77.76
 48.16, -77.69
 48.09, -77.62
 48.02, -77.58
 47.9, -77.5
 47.89, -77.49
 47.75, -77.42
 47.71, -77.38
 47.61, -77.31
 47.55, -77.25
 47.46, -77.1
 47.46, -77.09
 47.4, -76.94
 47.37, -76.76
 47.39, -76.64
 47.39, -76.57
 47.47, -76.39
 47.49, -76.36
 47.57, -76.24
 47.68, -76.12
 47.7, -76.1
 47.78, -76.02
 47.89, -75.94
 48.01, -75.88
 48.13, -75.85
 48.24, -75.81
 48.36, -75.76
 48.47, -75.7
 48.59, -75.65
 48.7, -75.6
 48.82, -75.55
End:

Color: 236 144 74 255
Line: 2, 0, "0.5"
 39.06, -87.16
 39.05, -87.01
 39.07, -86.94
 39.09, -86.84
 39.16, -86.67
 39.16, -86.67
 39.27, -86.52
 39.3, -86.49
 39.39, -86.41
 39.5, -86.35
 39.62, -86.32
 39.75, -86.32
 39.87, -86.33
 39.99, -86.36
 40.04, -86.38
 40.12, -86.43
 40.23, -86.51
 40.26, -86.54
 40.35, -86.65
 40.4, -86.74
 40.44, -86.8
 40.52, -86.94
 40.54, -86.97
 40.64, -87.09
 40.68, -87.14
 40.75, -87.23
 40.82, -87.34
 40.84, -87.38
 40.92, -87.53
 40.96, -87.64
 40.98, -87.69
 41.0, -87.85
 40.99, -87.9
 40.96, -88.01
 40.89, -88.18
 40.89, -88.2
 40.84, -88.35
 40.8, -88.52
 40.79, -88.56
 40.75, -88.69
 40.69, -88.82
 40.66, -88.86
 40.58, -88.99
 40.46, -89.05
 40.34, -89.06
 40.21, -89.04
 40.09, -89.0
 40.03, -88.94
 39.96, -88.86
 39.92, -88.79
 39.86, -88.64
 39.81, -88.49
 39.81, -88.49
 39.75, -88.34
 39.68, -88.19
 39.66, -88.16
 39.59, -88.04
 39.52, -87.95
 39.48, -87.89
 39.38, -87.75
 39.38, -87.75
 39.27, -87.61
 39.24, -87.57
 39.17, -87.46
 39.1, -87.31
 39.1, -87.29
 39.06, -87.16
End:

Color: 236 144 74 255
Line: 2, 0, "0.5"
 41.81, -89.21
 41.77, -89.05
 41.75, -88.89
 41.74, -88.72
 41.74, -88.56
 41.76, -88.45
 41.78, -88.39
 41.87, -88.27
 41.96, -88.2
 41.99, -88.19
 42.1, -88.1
 42.21, -88.0
 42.22, -88.0
 42.33, -87.89
 42.44, -87.81
 42.44, -87.8
 42.56, -87.76
 42.68, -87.75
 42.8, -87.75
 42.81, -87.75
 42.93, -87.77
 43.05, -87.79
 43.18, -87.8
 43.3, -87.8
 43.42, -87.79
 43.54, -87.77
 43.66, -87.73
 43.78, -87.67
 43.89, -87.59
 43.9, -87.59
 44.01, -87.51
 44.12, -87.42
 44.18, -87.38
 44.24, -87.33
 44.35, -87.25
 44.47, -87.18
 44.5, -87.16
 44.58, -87.09
 44.7, -86.97
 44.71, -86.96
 44.8, -86.79
 44.81, -86.77
 44.9, -86.58
 44.91, -86.57
 45.01, -86.39
 45.01, -86.38
 45.12, -86.25
 45.24, -86.2
 45.36, -86.16
 45.48, -86.14
 45.6, -86.13
 45.72, -86.09
 45.73, -86.09
 45.83, -85.97
 45.88, -85.89
 45.93, -85.74
 45.94, -85.7
 45.98, -85.52
 46.01, -85.34
 46.02, -85.32
 46.03, -85.16
 46.04, -84.98
 46.0, -84.81
 45.97, -84.79
 45.95, -84.82
 45.86, -84.93
 45.79, -85.03
 45.75, -85.08
 45.64, -85.21
 45.6, -85.24
 45.53, -85.32
 45.41, -85.41
 45.33, -85.47
 45.3, -85.49
 45.19, -85.59
 45.07, -85.68
 45.06, -85.69
 44.96, -85.78
 44.84, -85.85
 44.73, -85.89
 44.6, -85.87
 44.53, -85.79
 44.58, -85.66
 44.61, -85.6
 44.69, -85.51
 44.78, -85.4
 44.8, -85.38
 44.9, -85.2
 44.91, -85.19
 44.95, -85.02
 44.98, -84.84
 44.99, -84.8
 45.0, -84.67
 45.0, -84.49
 45.02, -84.32
 45.05, -84.16
 45.05, -84.14
 45.09, -83.95
 45.12, -83.77
 45.12, -83.7
 45.12, -83.6
 45.09, -83.43
 45.2, -83.27
 45.32, -83.31
 45.41, -83.36
 45.45, -83.39
 45.59, -83.5
 45.59, -83.5
 45.71, -83.65
 45.73, -83.67
 45.83, -83.8
 45.87, -83.88
 45.94, -83.95
 46.02, -84.08
 46.06, -84.1
 46.15, -84.17
 46.27, -84.21
 46.29, -84.23
 46.35, -84.39
 46.41, -84.56
 46.43, -84.59
 46.49, -84.72
 46.58, -84.82
 46.6, -84.87
 46.71, -85.02
 46.72, -85.03
 46.78, -85.19
 46.81, -85.36
 46.81, -85.54
 46.79, -85.72
 46.79, -85.77
 46.77, -85.9
 46.75, -86.08
 46.73, -86.26
 46.72, -86.4
 46.71, -86.44
 46.71, -86.62
 46.7, -86.8
 46.71, -86.97
 46.71, -87.15
 46.7, -87.33
 46.68, -87.5
 46.68, -87.51
 46.63, -87.69
 46.58, -87.78
 46.5, -87.89
 46.47, -87.93
 46.36, -88.05
 46.31, -88.09
 46.25, -88.16
 46.13, -88.28
 46.12, -88.3
 46.02, -88.41
 45.95, -88.5
 45.91, -88.55
 45.8, -88.67
 45.78, -88.69
 45.68, -88.79
 45.57, -88.88
 45.53, -88.9
 45.45, -88.95
 45.33, -88.96
 45.27, -88.94
 45.2, -88.88
 45.15, -88.78
 45.11, -88.61
 45.08, -88.44
 45.07, -88.27
 45.05, -88.11
 45.02, -87.98
 45.0, -87.94
 44.89, -87.85
 44.77, -87.91
 44.68, -87.99
 44.66, -88.01
 44.54, -88.11
 44.43, -88.19
 44.42, -88.19
 44.31, -88.29
 44.2, -88.39
 44.19, -88.4
 44.11, -88.58
 44.09, -88.63
 44.06, -88.75
 44.0, -88.93
 43.99, -88.95
 43.88, -89.12
 43.88, -89.12
 43.77, -89.21
 43.65, -89.25
 43.53, -89.29
 43.45, -89.34
 43.41, -89.38
 43.34, -89.52
 43.3, -89.59
 43.25, -89.7
 43.19, -89.78
 43.12, -89.88
 43.08, -89.93
 42.96, -90.03
 42.9, -90.07
 42.85, -90.1
 42.73, -90.17
 42.61, -90.22
 42.49, -90.23
 42.36, -90.14
 42.36, -90.13
 42.23, -90.0
 42.22, -89.98
 42.1, -89.84
 42.09, -89.83
 41.99, -89.68
 41.96, -89.63
 41.9, -89.52
 41.85, -89.37
 41.82, -89.24
 41.81, -89.21
End:

Color: 236 144 74 255
Line: 2, 0, "0.5"
 45.61, -77.17
 45.54, -77.01
 45.5, -76.85
 45.52, -76.66
 45.53, -76.64
 45.63, -76.51
 45.75, -76.47
 45.88, -76.49
 45.94, -76.52
 46.01, -76.56
 46.12, -76.64
 46.15, -76.66
 46.29, -76.75
 46.3, -76.76
 46.43, -76.83
 46.49, -76.88
 46.57, -76.97
 46.61, -77.02
 46.67, -77.18
 46.67, -77.36
 46.65, -77.46
 46.62, -77.55
 46.56, -77.68
 46.46, -77.78
 46.45, -77.79
 46.34, -77.86
 46.22, -77.87
 46.2, -77.87
 46.09, -77.84
 45.98, -77.76
 45.95, -77.72
 45.85, -77.62
 45.79, -77.52
 45.76, -77.47
 45.68, -77.32
 45.62, -77.18
 45.61, -77.17
End:

Color: 236 144 74 255
Line: 3, 0, "1.0"
 49.35, -79.21
 49.22, -79.13
 49.21, -79.12
 49.08, -78.98
 49.07, -78.97
 48.94, -78.83
 48.93, -78.83
 48.8, -78.72
 48.77, -78.7
 48.66, -78.62
 48.59, -78.57
 48.52, -78.5
 48.45, -78.43
 48.41, -78.26
 48.47, -78.11
 48.49, -78.04
 48.56, -77.91
 48.59, -77.83
 48.55, -77.66
 48.52, -77.64
 48.39, -77.55
 48.36, -77.53
 48.25, -77.48
 48.14, -77.42
 48.12, -77.41
 47.99, -77.34
 47.93, -77.31
 47.85, -77.26
 47.75, -77.19
 47.71, -77.15
 47.62, -77.04
 47.56, -76.88
 47.55, -76.7
 47.62, -76.53
 47.65, -76.49
 47.72, -76.4
 47.83, -76.31
 47.94, -76.24
 48.06, -76.19
 48.17, -76.16
 48.29, -76.13
 48.41, -76.1
 48.53, -76.06
 48.65, -76.03
 48.76, -75.99
 48.88, -75.96
End:

Color: 236 144 74 255
Line: 3, 0, "1.0"
 39.43, -86.95
 39.43, -86.91
 39.48, -86.78
 39.54, -86.73
 39.66, -86.7
 39.78, -86.72
 39.8, -86.73
 39.91, -86.88
 39.93, -86.96
 39.94, -87.03
 39.94, -87.08
 39.91, -87.2
 39.84, -87.33
 39.72, -87.36
 39.59, -87.31
 39.54, -87.25
 39.45, -87.11
 39.45, -87.1
 39.43, -86.95
End:

Color: 236 144 74 255
Line: 3, 0, "1.0"
 42.17, -89.49
 42.11, -89.33
 42.08, -89.17
 42.07, -89.01
 42.12, -88.84
 42.15, -88.78
 42.27, -88.72
 42.39, -88.73
 42.52, -88.79
 42.53, -88.79
 42.64, -88.82
 42.76, -88.77
 42.77, -88.76
 42.87, -88.59
 42.88, -88.58
 42.98, -88.44
 43.03, -88.39
 43.09, -88.33
 43.21, -88.26
 43.33, -88.21
 43.45, -88.19
 43.57, -88.22
 43.66, -88.3
 43.68, -88.47
 43.65, -88.64
 43.61, -88.7
 43.49, -88.79
 43.41, -88.84
 43.38, -88.86
 43.26, -88.92
 43.14, -89.01
 43.1, -89.05
 43.03, -89.12
 42.94, -89.23
 42.92, -89.29
 42.88, -89.41
 42.81, -89.57
 42.81, -89.58
 42.7, -89.72
 42.63, -89.77
 42.58, -89.79
 42.47, -89.79
 42.46, -89.79
 42.33, -89.71
 42.28, -89.64
 42.2, -89.55
 42.17, -89.49
End:

Color: 236 144 74 255
Line: 3, 0, "1.0"
 45.08, -87.41
 44.98, -87.26
 44.97, -87.08
 45.02, -86.9
 45.05, -86.83
 45.11, -86.72
 45.16, -86.64
 45.27, -86.54
 45.39, -86.5
 45.51, -86.49
 45.63, -86.49
 45.75, -86.46
 45.83, -86.42
 45.87, -86.4
 45.98, -86.3
 46.09, -86.2
 46.09, -86.19
 46.2, -86.04
 46.23, -86.0
 46.3, -85.81
 46.3, -85.8
 46.36, -85.62
 46.4, -85.51
 46.52, -85.53
 46.53, -85.59
 46.53, -85.68
 46.53, -85.77
 46.51, -85.95
 46.5, -86.13
 46.51, -86.3
 46.52, -86.48
 46.53, -86.65
 46.53, -86.83
 46.53, -87.0
 46.53, -87.05
 46.52, -87.18
 46.48, -87.36
 46.44, -87.47
 46.4, -87.55
 46.33, -87.66
 46.25, -87.75
 46.22, -87.78
 46.11, -87.89
 46.01, -87.96
 45.99, -87.98
 45.88, -88.09
 45.79, -88.17
 45.76, -88.2
 45.65, -88.28
 45.53, -88.3
 45.44, -88.22
 45.4, -88.17
 45.35, -88.06
 45.3, -87.9
 45.25, -87.73
 45.24, -87.73
 45.18, -87.57
 45.1, -87.44
 45.08, -87.41
End:

Color: 236 144 74 255
Line: 3, 0, "1.0"
 45.32, -84.77
 45.28, -84.61
 45.27, -84.44
 45.28, -84.26
 45.29, -84.17
 45.33, -84.08
 45.39, -83.95
 45.52, -83.97
 45.56, -84.03
 45.62, -84.19
 45.64, -84.36
 45.61, -84.54
 45.58, -84.63
 45.52, -84.73
 45.48, -84.79
 45.36, -84.81
 45.32, -84.77
End:

Color: 236 144 74 255
Line: 3, 0, "1.0"
 45.9, -77.43
 45.82, -77.27
 45.76, -77.12
 45.71, -76.96
 45.75, -76.76
 45.79, -76.73
 45.85, -76.73
 45.92, -76.74
 46.05, -76.8
 46.09, -76.83
 46.19, -76.88
 46.29, -76.95
 46.33, -76.97
 46.45, -77.07
 46.47, -77.12
 46.52, -77.23
 46.52, -77.41
 46.52, -77.41
 46.42, -77.6
 46.38, -77.63
 46.31, -77.68
 46.22, -77.68
 46.19, -77.68
 46.05, -77.61
 46.01, -77.57
 45.9, -77.43
 45.9, -77.43
End:

Color: 233 70 57 255
Line: 3, 0, "2.0"
 45.61, -87.33
 45.57, -87.16
 45.67, -87.0
 45.71, -86.96
 45.79, -86.92
 45.9, -86.86
 46.02, -86.8
 46.14, -86.8
 46.21, -86.88
 46.23, -87.05
 46.19, -87.23
 46.18, -87.26
 46.07, -87.4
 46.01, -87.44
 45.95, -87.47
 45.83, -87.49
 45.77, -87.48
 45.71, -87.44
 45.61, -87.33
End:

Title: Tornadic Tilting and Stretching Parameter 18Z HRRR | Valid: 19:00Z Mon Aug 10 2020
RefreshSeconds: 60
TimeRange: 2020-08-10T18:30:01Z 2020-08-10T19:30:00Z
Color: 236 144 74 255
Line: 1, 0, "0.25"
 50.02, -85.46
 49.91, -85.52
 49.8, -85.62
 49.74, -85.69
 49.69, -85.77
 49.6, -85.91
 49.58, -85.94
 49.51, -85.92
 49.47, -85.75
 49.49, -85.56
 49.53, -85.36
 49.53, -85.34
 49.58, -85.17
 49.62, -85.02
 49.63, -84.97
 49.67, -84.78
 49.7, -84.58
 49.7, -84.56
 49.71, -84.39
 49.72, -84.21
 49.72, -84.02
 49.72, -83.83
 49.74, -83.65
 49.74, -83.64
 49.8, -83.44
 49.83, -83.39
End:

Color: 236 144 74 255
Line: 1, 0, "0.25"
 49.45, -80.01
 49.34, -80.01
 49.33, -80.01
 49.2, -79.96
 49.14, -79.88
 49.07, -79.72
 49.03, -79.56
 49.03, -79.55
 48.99, -79.37
 48.94, -79.2
 48.86, -79.04
 48.84, -79.01
 48.73, -78.9
 48.69, -78.87
 48.56, -78.76
 48.56, -78.76
 48.44, -78.62
 48.4, -78.44
 48.39, -78.26
 48.37, -78.09
 48.33, -77.91
 48.31, -77.74
 48.29, -77.56
 48.28, -77.37
 48.22, -77.28
 48.17, -77.23
 48.09, -77.21
 47.96, -77.16
 47.9, -77.13
 47.83, -77.12
 47.7, -77.08
 47.61, -77.05
 47.57, -77.04
 47.44, -77.01
 47.34, -76.96
 47.31, -76.93
 47.19, -76.82
 47.16, -76.76
 47.11, -76.67
 47.09, -76.5
 47.1, -76.42
 47.13, -76.3
 47.19, -76.19
 47.3, -76.08
 47.36, -76.04
 47.41, -75.99
 47.52, -75.9
 47.63, -75.82
 47.74, -75.76
 47.86, -75.71
 47.97, -75.66
 48.09, -75.63
 48.21, -75.62
 48.34, -75.62
 48.46, -75.62
 48.58, -75.58
 48.69, -75.49
 48.8, -75.41
End:

Color: 236 144 74 255
Line: 1, 0, "0.25"
 38.32, -86.96
 38.3, -86.8
 38.31, -86.7
 38.31, -86.64
 38.33, -86.49
 38.35, -86.33
 38.38, -86.17
 38.38, -86.16
 38.45, -86.0
 38.48, -85.96
 38.6, -85.89
 38.72, -85.88
 38.84, -85.88
 38.96, -85.85
 39.08, -85.8
 39.2, -85.74
 39.32, -85.7
 39.44, -85.68
 39.56, -85.67
 39.68, -85.68
 39.81, -85.69
 39.93, -85.71
 40.06, -85.73
 40.06, -85.73
 40.18, -85.75
 40.31, -85.79
 40.41, -85.84
 40.44, -85.85
 40.56, -85.9
 40.67, -85.95
 40.69, -85.96
 40.82, -86.03
 40.9, -86.08
 40.95, -86.11
 41.07, -86.21
 41.09, -86.23
 41.22, -86.33
 41.24, -86.35
 41.35, -86.4
 41.47, -86.4
 41.59, -86.36
 41.68, -86.27
 41.7, -86.25
 41.8, -86.09
 41.81, -86.08
 41.92, -85.97
 42.04, -85.89
 42.06, -85.88
 42.15, -85.85
 42.27, -85.83
 42.34, -85.83
 42.28, -85.86
 42.16, -85.92
 42.14, -86.03
 42.06, -86.13
 42.0, -86.22
 41.95, -86.32
 41.92, -86.4
 41.92, -86.56
 41.97, -86.72
 41.99, -86.76
 42.03, -86.88
 42.09, -87.03
 42.14, -87.19
 42.15, -87.21
 42.28, -87.33
 42.28, -87.33
 42.41, -87.36
 42.53, -87.37
 42.66, -87.38
 42.78, -87.4
 42.83, -87.42
 42.9, -87.43
 43.03, -87.45
 43.15, -87.45
 43.27, -87.44
 43.39, -87.43
 43.51, -87.43
 43.64, -87.45
 43.7, -87.45
 43.76, -87.47
 43.87, -87.43
 43.88, -87.42
 43.99, -87.32
 44.08, -87.23
 44.11, -87.19
 44.22, -87.07
 44.26, -87.03
 44.33, -86.91
 44.37, -86.84
 44.31, -86.72
 44.29, -86.68
 44.18, -86.63
 44.05, -86.58
 43.99, -86.56
 43.93, -86.55
 43.8, -86.52
 43.68, -86.46
 43.65, -86.45
 43.55, -86.36
 43.49, -86.31
 43.41, -86.15
 43.4, -85.99
 43.5, -85.82
 43.52, -85.8
 43.61, -85.73
 43.73, -85.67
 43.85, -85.63
 43.97, -85.6
 44.09, -85.57
 44.2, -85.53
 44.28, -85.49
 44.32, -85.47
 44.43, -85.37
 44.5, -85.28
 44.54, -85.21
 44.61, -85.09
 44.64, -85.01
 44.7, -84.9
 44.74, -84.79
 44.78, -84.71
 44.84, -84.54
 44.85, -84.52
 44.85, -84.35
 44.82, -84.18
 44.8, -84.16
 44.67, -84.06
 44.58, -84.06
 44.55, -84.06
 44.42, -84.04
 44.31, -83.94
 44.27, -83.78
 44.31, -83.6
 44.36, -83.49
 44.4, -83.41
 44.47, -83.31
 44.53, -83.21
 44.57, -83.16
 44.68, -83.04
 44.73, -82.99
 44.79, -82.94
 44.91, -82.88
 45.03, -82.85
 45.15, -82.84
 45.27, -82.86
 45.3, -82.87
 45.4, -82.87
 45.52, -82.88
 45.64, -82.87
 45.76, -82.85
 45.88, -82.84
 46.01, -82.84
 46.13, -82.82
 46.24, -82.75
 46.35, -82.66
 46.43, -82.6
 46.47, -82.57
 46.58, -82.53
 46.63, -82.56
 46.71, -82.58
 46.83, -82.69
 46.85, -82.7
 46.96, -82.83
 46.99, -82.87
 47.07, -82.99
 47.13, -83.09
 47.16, -83.14
 47.24, -83.31
 47.29, -83.47
 47.3, -83.48
 47.36, -83.64
 47.43, -83.8
 47.46, -83.85
 47.54, -83.96
 47.59, -84.02
 47.69, -84.11
 47.73, -84.14
 47.82, -84.26
 47.87, -84.38
 47.89, -84.42
 47.9, -84.6
 47.9, -84.63
 47.81, -84.8
 47.79, -84.82
 47.68, -84.87
 47.56, -84.89
 47.44, -84.91
 47.32, -84.96
 47.21, -85.07
 47.19, -85.11
 47.13, -85.3
 47.11, -85.37
 47.1, -85.48
 47.07, -85.67
 47.03, -85.81
 47.02, -85.85
 47.0, -86.04
 46.95, -86.22
 46.95, -86.23
 46.92, -86.41
 46.89, -86.59
 46.86, -86.69
 46.85, -86.77
 46.82, -86.96
 46.78, -87.11
 46.77, -87.14
 46.7, -87.33
 46.67, -87.39
 46.58, -87.52
 46.57, -87.55
 46.45, -87.68
 46.4, -87.73
 46.34, -87.79
 46.23, -87.91
 46.2, -87.94
 46.12, -88.02
 46.0, -88.13
 46.0, -88.14
 45.89, -88.27
 45.83, -88.34
 45.78, -88.4
 45.66, -88.52
 45.65, -88.54
 45.55, -88.65
 45.44, -88.74
 45.44, -88.74
 45.32, -88.83
 45.2, -88.88
 45.08, -88.87
 45.01, -88.8
 44.96, -88.63
 44.94, -88.55
 44.92, -88.47
 44.85, -88.31
 44.8, -88.26
 44.67, -88.27
 44.55, -88.29
 44.43, -88.24
 44.4, -88.2
 44.3, -88.09
 44.27, -88.05
 44.16, -87.95
 44.11, -87.9
 44.03, -87.82
 43.92, -87.76
 43.9, -87.74
 43.87, -87.77
 43.79, -87.8
 43.69, -87.96
 43.68, -87.97
 43.58, -88.14
 43.57, -88.16
 43.49, -88.33
 43.46, -88.38
 43.42, -88.5
 43.41, -88.67
 43.46, -88.83
 43.5, -88.9
 43.6, -88.98
 43.63, -89.03
 43.7, -89.14
 43.65, -89.29
 43.64, -89.32
 43.54, -89.43
 43.42, -89.51
 43.38, -89.51
 43.3, -89.53
 43.18, -89.55
 43.06, -89.64
 43.02, -89.72
 42.95, -89.84
 42.92, -89.9
 42.84, -90.01
 42.77, -90.09
 42.73, -90.13
 42.61, -90.25
 42.59, -90.27
 42.5, -90.38
 42.42, -90.45
 42.38, -90.49
 42.26, -90.57
 42.14, -90.59
 42.02, -90.53
 41.98, -90.5
 41.89, -90.4
 41.84, -90.35
 41.75, -90.21
 41.74, -90.2
 41.69, -90.04
 41.67, -89.88
 41.62, -89.72
 41.6, -89.69
 41.49, -89.57
 41.47, -89.55
 41.35, -89.57
 41.34, -89.59
 41.29, -89.76
 41.29, -89.92
 41.29, -90.08
 41.26, -90.17
 41.24, -90.25
 41.15, -90.37
 41.12, -90.42
 41.04, -90.51
 40.97, -90.6
 40.93, -90.65
 40.83, -90.78
 40.81, -90.8
 40.71, -90.95
 40.7, -90.96
 40.59, -91.11
 40.57, -91.12
 40.47, -91.21
 40.35, -91.23
 40.22, -91.19
 40.19, -91.16
 40.1, -91.07
 40.04, -91.01
 39.96, -90.89
 39.95, -90.86
 39.9, -90.71
 39.91, -90.55
 39.94, -90.42
 39.95, -90.38
 40.05, -90.24
 40.1, -90.21
 40.16, -90.15
 40.28, -90.08
 40.35, -90.02
 40.39, -89.91
 40.4, -89.86
 40.39, -89.79
 40.35, -89.7
 40.25, -89.56
 40.25, -89.55
 40.13, -89.41
 40.12, -89.39
 40.02, -89.26
 39.98, -89.22
 39.91, -89.11
 39.85, -89.04
 39.8, -88.97
 39.72, -88.82
 39.71, -88.8
 39.66, -88.66
 39.62, -88.51
 39.56, -88.36
 39.55, -88.35
 39.45, -88.22
 39.42, -88.19
 39.29, -88.08
 39.28, -88.08
 39.16, -87.98
 39.11, -87.95
 39.03, -87.89
 38.9, -87.81
 38.9, -87.81
 38.77, -87.72
 38.73, -87.68
 38.63, -87.56
 38.61, -87.54
 38.52, -87.4
 38.49, -87.34
 38.44, -87.25
 38.37, -87.11
 38.34, -87.0
 38.32, -86.96
End:

Color: 236 144 74 255
Line: 1, 0, "0.25"
 43.71, -82.54
 43.66, -82.38
 43.73, -82.25
 43.85, -82.19
 43.97, -82.2
 44.1, -82.26
 44.11, -82.28
 44.18, -82.43
 44.14, -82.61
 44.14, -82.61
 44.03, -82.7
 43.91, -82.71
 43.85, -82.68
 43.77, -82.61
 43.71, -82.54
End:

Color: 236 144 74 255
Line: 1, 0, "0.25"
 44.57, -80.44
 44.56, -80.27
 44.58, -80.21
 44.69, -80.11
 44.82, -80.16
 44.85, -80.19
 44.91, -80.35
 44.86, -80.52
 44.83, -80.55
 44.75, -80.59
 44.71, -80.58
 44.62, -80.52
 44.57, -80.44
End:

Color: 236 144 74 255
Line: 1, 0, "0.25"
 45.44, -76.87
 45.38, -76.71
 45.37, -76.53
 45.38, -76.5
 45.44, -76.34
 45.47, -76.28
 45.58, -76.19
 45.7, -76.15
 45.83, -76.18
 45.86, -76.19
 45.96, -76.23
 46.06, -76.3
 46.1, -76.33
 46.23, -76.43
 46.24, -76.44
 46.38, -76.55
 46.38, -76.56
 46.53, -76.69
 46.53, -76.69
 46.65, -76.83
 46.69, -76.91
 46.73, -76.98
 46.76, -77.15
 46.75, -77.29
 46.74, -77.33
 46.66, -77.54
 46.65, -77.54
 46.56, -77.68
 46.45, -77.76
 46.33, -77.79
 46.21, -77.79
 46.07, -77.73
 46.07, -77.73
 45.94, -77.65
 45.89, -77.61
 45.79, -77.46
 45.78, -77.46
 45.68, -77.32
 45.62, -77.19
 45.6, -77.17
 45.51, -77.02
 45.45, -76.88
 45.44, -76.87
End:

Color: 236 144 74 255
Line: 1, 0, "0.25"
 48.2, -85.45
 48.15, -85.28
 48.17, -85.09
 48.18, -85.07
 48.29, -84.93
 48.35, -84.87
 48.4, -84.83
 48.51, -84.72
 48.57, -84.64
 48.62, -84.59
 48.73, -84.45
 48.76, -84.42
 48.84, -84.34
 48.96, -84.33
 48.98, -84.37
 49.02, -84.55
 49.01, -84.73
 49.0, -84.78
 48.96, -84.93
 48.9, -85.05
 48.86, -85.13
 48.8, -85.22
 48.69, -85.35
 48.69, -85.35
 48.58, -85.45
 48.46, -85.52
 48.34, -85.54
 48.21, -85.47
 48.2, -85.45
End:

Color: 236 144 74 255
Line: 2, 0, "0.5"
 49.38, -79.42
 49.27, -79.29
 49.23, -79.2
 49.2, -79.12
 49.13, -78.96
 49.06, -78.84
 49.03, -78.8
 48.91, -78.66
 48.91, -78.65
 48.77, -78.53
 48.75, -78.52
 48.63, -78.37
 48.63, -78.37
 48.55, -78.21
 48.49, -78.05
 48.44, -77.88
 48.42, -77.76
 48.41, -77.7
 48.41, -77.68
 48.4, -77.52
 48.42, -77.33
 48.36, -77.17
 48.33, -77.15
 48.2, -77.1
 48.11, -77.06
 48.07, -77.06
 47.94, -77.02
 47.83, -76.97
 47.81, -76.97
 47.68, -76.94
 47.55, -76.9
 47.54, -76.89
 47.42, -76.84
 47.33, -76.78
 47.27, -76.69
 47.23, -76.63
 47.22, -76.45
 47.23, -76.42
 47.32, -76.24
 47.34, -76.23
 47.43, -76.14
 47.54, -76.05
 47.65, -75.97
 47.76, -75.9
 47.82, -75.87
 47.88, -75.85
 48.0, -75.81
 48.02, -75.8
 48.11, -75.78
 48.24, -75.77
 48.36, -75.78
 48.48, -75.77
 48.6, -75.73
 48.71, -75.66
 48.82, -75.59
End:

Color: 236 144 74 255
Line: 2, 0, "0.5"
 38.44, -86.94
 38.42, -86.78
 38.43, -86.66
 38.43, -86.63
 38.46, -86.47
 38.5, -86.3
 38.51, -86.25
 38.6, -86.13
 38.62, -86.11
 38.74, -86.08
 38.86, -86.05
 38.98, -86.02
 39.1, -85.96
 39.21, -85.9
 39.32, -85.86
 39.33, -85.85
 39.45, -85.82
 39.53, -85.82
 39.57, -85.82
 39.7, -85.83
 39.82, -85.85
 39.95, -85.87
 40.05, -85.9
 40.07, -85.9
 40.2, -85.95
 40.32, -86.01
 40.33, -86.02
 40.46, -86.1
 40.53, -86.14
 40.59, -86.17
 40.72, -86.25
 40.74, -86.27
 40.85, -86.36
 40.9, -86.4
 40.99, -86.5
 41.03, -86.54
 41.13, -86.67
 41.15, -86.69
 41.26, -86.83
 41.26, -86.84
 41.37, -86.98
 41.41, -87.1
 41.44, -87.13
 41.51, -87.28
 41.55, -87.29
 41.67, -87.34
 41.71, -87.42
 41.81, -87.5
 41.86, -87.56
 41.94, -87.6
 42.06, -87.63
 42.19, -87.63
 42.31, -87.61
 42.43, -87.61
 42.55, -87.61
 42.63, -87.61
 42.67, -87.62
 42.8, -87.64
 42.92, -87.66
 43.05, -87.67
 43.17, -87.67
 43.29, -87.67
 43.34, -87.68
 43.41, -87.7
 43.51, -87.82
 43.48, -87.99
 43.44, -88.08
 43.4, -88.17
 43.34, -88.31
 43.32, -88.35
 43.25, -88.53
 43.24, -88.6
 43.2, -88.7
 43.15, -88.87
 43.14, -88.9
 43.02, -89.04
 43.01, -89.06
 42.91, -89.19
 42.88, -89.24
 42.82, -89.42
 42.81, -89.46
 42.77, -89.59
 42.71, -89.76
 42.7, -89.77
 42.61, -89.94
 42.59, -89.96
 42.48, -90.11
 42.48, -90.12
 42.37, -90.23
 42.25, -90.29
 42.12, -90.25
 42.05, -90.16
 41.99, -90.01
 41.99, -89.98
 41.95, -89.85
 41.89, -89.69
 41.84, -89.53
 41.83, -89.52
 41.77, -89.38
 41.71, -89.22
 41.69, -89.16
 41.65, -89.06
 41.59, -88.91
 41.54, -88.8
 41.51, -88.75
 41.41, -88.62
 41.38, -88.61
 41.28, -88.56
 41.16, -88.57
 41.04, -88.64
 41.03, -88.65
 40.92, -88.72
 40.81, -88.77
 40.68, -88.76
 40.56, -88.73
 40.52, -88.72
 40.43, -88.71
 40.31, -88.69
 40.19, -88.67
 40.06, -88.63
 40.04, -88.62
 39.93, -88.52
 39.9, -88.47
 39.83, -88.32
 39.79, -88.23
 39.76, -88.17
 39.65, -88.03
 39.65, -88.03
 39.52, -87.93
 39.47, -87.9
 39.39, -87.84
 39.28, -87.76
 39.26, -87.75
 39.13, -87.66
 39.07, -87.63
 39.0, -87.6
 38.87, -87.53
 38.84, -87.51
 38.74, -87.43
 38.69, -87.37
 38.6, -87.26
 38.58, -87.23
 38.5, -87.09
 38.46, -86.97
 38.44, -86.94
End:

Color: 236 144 74 255
Line: 2, 0, "0.5"
 44.22, -87.71
 44.17, -87.55
 44.24, -87.37
 44.24, -87.37
 44.35, -87.26
 44.47, -87.17
 44.48, -87.16
 44.59, -87.1
 44.7, -87.04
 44.82, -86.99
 44.93, -86.92
 44.94, -86.91
 45.03, -86.73
 45.04, -86.71
 45.07, -86.55
 45.05, -86.38
 45.01, -86.33
 44.88, -86.3
 44.77, -86.36
 44.65, -86.41
 44.53, -86.4
 44.4, -86.36
 44.34, -86.33
 44.27, -86.28
 44.15, -86.19
 44.14, -86.15
 44.09, -86.03
 44.13, -85.99
 44.23, -85.86
 44.26, -85.83
 44.35, -85.77
 44.46, -85.68
 44.52, -85.62
 44.57, -85.55
 44.65, -85.42
 44.68, -85.37
 44.75, -85.23
 44.78, -85.16
 44.85, -85.04
 44.88, -84.97
 44.95, -84.85
 44.99, -84.76
 45.01, -84.66
 45.03, -84.49
 45.02, -84.31
 45.0, -84.15
 44.96, -83.98
 44.89, -83.82
 44.89, -83.82
 44.75, -83.68
 44.75, -83.68
 44.65, -83.53
 44.7, -83.35
 44.71, -83.32
 44.82, -83.18
 44.87, -83.14
 44.93, -83.09
 45.05, -83.06
 45.17, -83.06
 45.19, -83.07
 45.3, -83.08
 45.43, -83.12
 45.52, -83.16
 45.55, -83.18
 45.69, -83.29
 45.7, -83.3
 45.8, -83.45
 45.84, -83.53
 45.88, -83.61
 45.96, -83.77
 45.99, -83.83
 46.12, -83.9
 46.23, -83.81
 46.31, -83.69
 46.34, -83.64
 46.43, -83.49
 46.44, -83.47
 46.55, -83.35
 46.67, -83.29
 46.79, -83.28
 46.91, -83.33
 46.95, -83.37
 47.05, -83.5
 47.07, -83.52
 47.14, -83.69
 47.21, -83.84
 47.21, -83.85
 47.29, -84.01
 47.36, -84.18
 47.37, -84.18
 47.44, -84.34
 47.44, -84.52
 47.4, -84.56
 47.29, -84.65
 47.18, -84.74
 47.15, -84.76
 47.07, -84.84
 47.01, -84.97
 46.99, -85.15
 46.98, -85.23
 46.98, -85.33
 46.96, -85.51
 46.93, -85.69
 46.91, -85.8
 46.9, -85.88
 46.87, -86.06
 46.83, -86.24
 46.83, -86.27
 46.8, -86.43
 46.77, -86.61
 46.74, -86.73
 46.73, -86.79
 46.69, -86.98
 46.65, -87.1
 46.63, -87.16
 46.55, -87.32
 46.52, -87.36
 46.44, -87.46
 46.34, -87.56
 46.33, -87.58
 46.21, -87.69
 46.11, -87.77
 46.1, -87.79
 45.98, -87.9
 45.9, -87.98
 45.87, -88.02
 45.76, -88.14
 45.71, -88.18
 45.65, -88.25
 45.53, -88.31
 45.41, -88.32
 45.31, -88.24
 45.28, -88.19
 45.23, -88.08
 45.19, -87.91
 45.18, -87.74
 45.16, -87.57
 45.11, -87.41
 45.09, -87.37
 44.99, -87.43
 44.98, -87.43
 44.87, -87.58
 44.85, -87.62
 44.76, -87.73
 44.67, -87.82
 44.64, -87.84
 44.53, -87.89
 44.4, -87.87
 44.39, -87.86
 44.27, -87.77
 44.22, -87.71
End:

Color: 236 144 74 255
Line: 2, 0, "0.5"
 45.54, -76.83
 45.5, -76.67
 45.51, -76.51
 45.51, -76.49
 45.61, -76.36
 45.73, -76.31
 45.85, -76.33
 45.9, -76.36
 45.99, -76.4
 46.1, -76.47
 46.13, -76.49
 46.26, -76.6
 46.27, -76.6
 46.41, -76.72
 46.41, -76.72
 46.54, -76.86
 46.56, -76.9
 46.63, -77.01
 46.66, -77.18
 46.63, -77.34
 46.62, -77.37
 46.54, -77.53
 46.43, -77.61
 46.43, -77.62
 46.31, -77.66
 46.3, -77.66
 46.18, -77.65
 46.05, -77.59
 46.02, -77.57
 45.91, -77.45
 45.89, -77.43
 45.79, -77.29
 45.74, -77.21
 45.7, -77.14
 45.62, -76.99
 45.57, -76.88
 45.54, -76.83
End:

Color: 236 144 74 255
Line: 3, 0, "1.0"
 49.24, -78.37
 49.23, -78.37
 49.11, -78.32
 49.01, -78.25
 48.97, -78.22
 48.84, -78.13
 48.83, -78.12
 48.7, -77.99
 48.69, -77.98
 48.6, -77.83
 48.56, -77.65
 48.59, -77.46
 48.61, -77.39
 48.7, -77.23
 48.66, -77.06
 48.55, -77.01
 48.43, -76.95
 48.42, -76.95
 48.29, -76.92
 48.16, -76.89
 48.12, -76.88
 48.04, -76.85
 47.91, -76.81
 47.85, -76.78
 47.77, -76.75
 47.64, -76.7
 47.6, -76.69
 47.5, -76.59
 47.47, -76.55
 47.48, -76.46
 47.52, -76.35
 47.58, -76.29
 47.69, -76.19
 47.8, -76.12
 47.91, -76.06
 48.03, -76.02
 48.15, -76.0
 48.27, -76.0
 48.4, -76.0
 48.52, -75.99
 48.64, -75.95
 48.75, -75.89
 48.86, -75.83
End:

Color: 236 144 74 255
Line: 3, 0, "1.0"
 38.69, -86.9
 38.66, -86.75
 38.67, -86.64
 38.69, -86.59
 38.78, -86.46
 38.85, -86.41
 38.89, -86.38
 39.01, -86.31
 39.12, -86.23
 39.16, -86.2
 39.24, -86.15
 39.36, -86.09
 39.47, -86.05
 39.6, -86.05
 39.72, -86.07
 39.82, -86.09
 39.85, -86.1
 39.98, -86.17
 40.04, -86.22
 40.11, -86.29
 40.17, -86.36
 40.25, -86.49
 40.26, -86.5
 40.35, -86.65
 40.4, -86.77
 40.42, -86.8
 40.45, -86.96
 40.45, -87.12
 40.44, -87.2
 40.42, -87.28
 40.34, -87.45
 40.21, -87.46
 40.09, -87.44
 39.97, -87.42
 39.84, -87.41
 39.72, -87.39
 39.71, -87.39
 39.59, -87.35
 39.47, -87.29
 39.41, -87.27
 39.34, -87.24
 39.21, -87.19
 39.1, -87.16
 39.09, -87.15
 38.96, -87.12
 38.83, -87.06
 38.81, -87.04
 38.7, -86.92
 38.69, -86.9
End:

Color: 236 144 74 255
Line: 3, 0, "1.0"
 42.04, -89.34
 41.98, -89.19
 41.94, -89.03
 41.92, -88.87
 41.91, -88.7
 41.94, -88.53
 42.0, -88.39
 42.02, -88.36
 42.11, -88.25
 42.19, -88.17
 42.23, -88.14
 42.34, -88.07
 42.46, -88.03
 42.58, -88.04
 42.71, -88.07
 42.77, -88.09
 42.84, -88.25
 42.77, -88.42
 42.74, -88.52
 42.73, -88.6
 42.7, -88.77
 42.66, -88.94
 42.65, -88.97
 42.62, -89.11
 42.57, -89.28
 42.55, -89.32
 42.5, -89.45
 42.45, -89.55
 42.37, -89.63
 42.33, -89.67
 42.26, -89.65
 42.21, -89.63
 42.12, -89.5
 42.07, -89.42
 42.04, -89.34
End:

Color: 236 144 74 255
Line: 3, 0, "1.0"
 44.9, -85.89
 44.84, -85.73
 44.88, -85.55
 44.93, -85.43
 44.97, -85.36
 45.03, -85.27
 45.12, -85.16
 45.14, -85.13
 45.22, -84.97
 45.24, -84.87
 45.25, -84.79
 45.26, -84.61
 45.24, -84.44
 45.22, -84.27
 45.19, -84.11
 45.16, -83.94
 45.13, -83.8
 45.13, -83.77
 45.1, -83.6
 45.11, -83.57
 45.18, -83.41
 45.21, -83.4
 45.26, -83.4
 45.33, -83.4
 45.46, -83.47
 45.51, -83.52
 45.61, -83.65
 45.62, -83.67
 45.68, -83.83
 45.74, -83.99
 45.78, -84.16
 45.79, -84.23
 45.81, -84.33
 45.81, -84.5
 45.81, -84.5
 45.8, -84.68
 45.76, -84.86
 45.73, -84.93
 45.67, -85.05
 45.63, -85.15
 45.59, -85.24
 45.57, -85.42
 45.59, -85.59
 45.65, -85.76
 45.69, -85.8
 45.81, -85.77
 45.87, -85.71
 45.92, -85.65
 45.99, -85.52
 46.03, -85.45
 46.08, -85.33
 46.13, -85.2
 46.17, -85.13
 46.23, -85.04
 46.35, -84.97
 46.47, -84.95
 46.59, -84.99
 46.65, -85.04
 46.73, -85.15
 46.75, -85.2
 46.78, -85.37
 46.77, -85.54
 46.77, -85.59
 46.76, -85.73
 46.74, -85.91
 46.71, -86.09
 46.7, -86.17
 46.68, -86.27
 46.65, -86.45
 46.62, -86.64
 46.62, -86.65
 46.58, -86.82
 46.52, -86.99
 46.52, -87.01
 46.42, -87.19
 46.41, -87.2
 46.31, -87.32
 46.2, -87.41
 46.19, -87.41
 46.08, -87.5
 45.96, -87.57
 45.85, -87.64
 45.84, -87.64
 45.73, -87.72
 45.61, -87.75
 45.55, -87.69
 45.5, -87.52
 45.48, -87.35
 45.45, -87.18
 45.44, -87.14
 45.41, -87.01
 45.38, -86.84
 45.37, -86.67
 45.38, -86.5
 45.37, -86.33
 45.37, -86.33
 45.37, -86.32
 45.31, -86.16
 45.23, -86.11
 45.11, -86.03
 45.1, -86.02
 44.97, -85.94
 44.9, -85.89
End:

Color: 236 144 74 255
Line: 3, 0, "1.0"
 45.85, -77.09
 45.78, -76.93
 45.73, -76.77
 45.77, -76.58
 45.89, -76.58
 46.03, -76.63
 46.07, -76.66
 46.16, -76.72
 46.24, -76.78
 46.3, -76.83
 46.39, -76.91
 46.46, -77.02
 46.48, -77.06
 46.5, -77.23
 46.49, -77.26
 46.4, -77.43
 46.28, -77.48
 46.15, -77.45
 46.05, -77.38
 46.01, -77.34
 45.93, -77.24
 45.85, -77.1
 45.85, -77.09
End:

Color: 233 70 57 255
Line: 3, 0, "2.0"
 45.87, -86.94
 45.82, -86.77
 45.86, -86.59
 45.88, -86.56
 45.98, -86.39
 45.99, -86.39
 46.1, -86.27
 46.22, -86.2
 46.34, -86.27
 46.36, -86.33
 46.37, -86.5
 46.37, -86.56
 46.34, -86.68
 46.27, -86.87
 46.27, -86.87
 46.16, -86.97
 46.04, -87.01
 45.91, -86.98
 45.87, -86.94
End:

Title: Tornadic Tilting and Stretching Parameter 19Z HRRR | Valid: 20:00Z Mon Aug 10 2020
RefreshSeconds: 60
TimeRange: 2020-08-10T19:30:01Z 2020-08-10T20:30:00Z
Color: 236 144 74 255
Line: 1, 0, "0.25"
 50.02, -85.46
 49.91, -85.56
 49.84, -85.67
 49.81, -85.75
 49.76, -85.87
 49.71, -86.06
 49.71, -86.07
 49.64, -86.27
 49.61, -86.34
 49.54, -86.48
 49.51, -86.53
 49.4, -86.62
 49.27, -86.6
 49.23, -86.53
 49.21, -86.35
 49.22, -86.16
 49.23, -86.1
 49.27, -85.97
 49.33, -85.79
 49.33, -85.77
 49.43, -85.57
 49.43, -85.57
 49.52, -85.37
 49.53, -85.34
 49.59, -85.17
 49.62, -85.02
 49.63, -84.97
 49.65, -84.78
 49.66, -84.59
 49.67, -84.4
 49.67, -84.24
 49.67, -84.22
 49.67, -84.03
 49.67, -83.85
 49.65, -83.66
 49.65, -83.48
 49.71, -83.37
 49.82, -83.28
End:

Color: 236 144 74 255
Line: 1, 0, "0.25"
 49.57, -80.99
 49.46, -81.1
 49.46, -81.1
 49.36, -81.26
 49.34, -81.32
 49.3, -81.52
 49.3, -81.7
 49.3, -81.8
 49.3, -81.89
 49.3, -82.07
 49.29, -82.26
 49.28, -82.45
 49.29, -82.63
 49.34, -82.81
 49.41, -82.98
 49.43, -83.05
 49.47, -83.15
 49.51, -83.32
 49.47, -83.41
 49.4, -83.54
 49.37, -83.56
 49.26, -83.68
 49.21, -83.77
 49.16, -83.9
 49.15, -83.97
 49.11, -84.16
 49.07, -84.28
 49.06, -84.35
 48.99, -84.55
 48.98, -84.57
 48.88, -84.76
 48.88, -84.77
 48.77, -84.91
 48.68, -84.99
 48.66, -85.01
 48.54, -85.07
 48.42, -85.11
 48.3, -85.12
 48.18, -85.1
 48.17, -85.09
 48.06, -85.06
 47.93, -85.0
 47.87, -84.97
 47.8, -84.95
 47.68, -84.93
 47.56, -84.92
 47.44, -84.96
 47.33, -85.03
 47.25, -85.1
 47.21, -85.14
 47.12, -85.3
 47.11, -85.33
 47.06, -85.49
 47.02, -85.64
 47.01, -85.68
 46.96, -85.86
 46.93, -85.98
 46.91, -86.05
 46.86, -86.24
 46.83, -86.31
 46.8, -86.43
 46.73, -86.58
 46.72, -86.62
 46.63, -86.8
 46.62, -86.81
 46.52, -86.98
 46.5, -87.01
 46.41, -87.12
 46.3, -87.21
 46.27, -87.22
 46.18, -87.28
 46.06, -87.34
 45.95, -87.41
 45.89, -87.46
 45.84, -87.52
 45.73, -87.66
 45.72, -87.67
 45.62, -87.83
 45.59, -87.85
 45.5, -87.97
 45.39, -88.06
 45.39, -88.06
 45.27, -88.1
 45.21, -88.08
 45.14, -88.03
 45.09, -87.93
 45.01, -87.77
 45.0, -87.75
 44.87, -87.68
 44.75, -87.69
 44.63, -87.68
 44.61, -87.66
 44.56, -87.49
 44.61, -87.39
 44.67, -87.3
 44.72, -87.26
 44.83, -87.17
 44.93, -87.09
 44.95, -87.08
 45.06, -86.98
 45.12, -86.89
 45.17, -86.81
 45.21, -86.7
 45.22, -86.53
 45.15, -86.37
 45.13, -86.35
 45.0, -86.27
 44.93, -86.23
 44.88, -86.22
 44.76, -86.22
 44.64, -86.28
 44.64, -86.28
 44.52, -86.35
 44.4, -86.37
 44.28, -86.36
 44.16, -86.37
 44.12, -86.37
 44.04, -86.37
 43.91, -86.38
 43.79, -86.36
 43.66, -86.3
 43.64, -86.28
 43.53, -86.18
 43.49, -86.14
 43.43, -85.98
 43.46, -85.81
 43.49, -85.76
 43.61, -85.68
 43.73, -85.64
 43.85, -85.62
 43.97, -85.61
 44.09, -85.6
 44.21, -85.58
 44.33, -85.53
 44.4, -85.47
 44.44, -85.43
 44.51, -85.28
 44.54, -85.16
 44.55, -85.1
 44.56, -84.92
 44.56, -84.75
 44.57, -84.58
 44.47, -84.45
 44.45, -84.43
 44.33, -84.3
 44.32, -84.29
 44.25, -84.13
 44.22, -83.96
 44.25, -83.79
 44.27, -83.74
 44.33, -83.6
 44.37, -83.53
 44.44, -83.4
 44.47, -83.34
 44.57, -83.2
 44.58, -83.19
 44.69, -83.08
 44.8, -83.01
 44.92, -82.97
 45.04, -82.95
 45.16, -82.95
 45.29, -82.97
 45.41, -82.98
 45.53, -82.92
 45.59, -82.8
 45.62, -82.66
 45.63, -82.62
 45.66, -82.43
 45.7, -82.34
 45.82, -82.27
 45.94, -82.25
 46.06, -82.21
 46.16, -82.14
 46.17, -82.13
 46.28, -82.01
 46.34, -81.92
 46.38, -81.86
 46.49, -81.71
 46.5, -81.7
 46.6, -81.61
 46.72, -81.58
 46.78, -81.63
 46.85, -81.79
 46.88, -81.96
 46.9, -82.14
 46.91, -82.19
 46.94, -82.3
 47.02, -82.46
 47.07, -82.51
 47.15, -82.61
 47.21, -82.66
 47.29, -82.76
 47.35, -82.8
 47.43, -82.9
 47.48, -82.95
 47.57, -83.05
 47.62, -83.09
 47.75, -83.18
 47.76, -83.19
 47.88, -83.21
 48.0, -83.21
 48.12, -83.2
 48.24, -83.18
 48.36, -83.18
 48.48, -83.2
 48.48, -83.2
 48.61, -83.26
 48.7, -83.33
 48.74, -83.37
 48.87, -83.41
 48.98, -83.29
 48.98, -83.26
 49.02, -83.07
 49.03, -82.88
 48.98, -82.71
 48.91, -82.62
 48.84, -82.56
 48.77, -82.51
 48.67, -82.42
 48.64, -82.36
 48.58, -82.26
 48.54, -82.08
 48.55, -81.9
 48.57, -81.82
 48.65, -81.69
 48.68, -81.66
 48.79, -81.58
 48.9, -81.5
 48.98, -81.42
 49.01, -81.38
 49.11, -81.2
 49.11, -81.19
 49.18, -80.99
 49.2, -80.89
 49.23, -80.79
 49.27, -80.59
 49.28, -80.57
 49.37, -80.38
 49.37, -80.36
 49.48, -80.27
End:

Color: 236 144 74 255
Line: 1, 0, "0.25"
 49.43, -79.82
 49.4, -79.81
 49.3, -79.78
 49.24, -79.67
 49.17, -79.5
 49.13, -79.38
 49.12, -79.33
 49.07, -79.16
 49.0, -79.0
 48.94, -78.91
 48.9, -78.84
 48.8, -78.69
 48.79, -78.66
 48.73, -78.53
 48.7, -78.35
 48.71, -78.16
 48.72, -78.14
 48.75, -77.96
 48.78, -77.76
 48.76, -77.59
 48.69, -77.43
 48.61, -77.26
 48.58, -77.23
 48.46, -77.19
 48.33, -77.18
 48.33, -77.18
 48.21, -77.18
 48.08, -77.17
 47.96, -77.15
 47.9, -77.13
 47.83, -77.13
 47.7, -77.09
 47.62, -77.04
 47.57, -77.02
 47.43, -76.93
 47.43, -76.92
 47.31, -76.78
 47.26, -76.62
 47.27, -76.44
 47.33, -76.26
 47.33, -76.23
 47.41, -76.03
 47.42, -76.02
 47.5, -75.81
 47.5, -75.8
 47.6, -75.64
 47.71, -75.56
 47.77, -75.53
 47.82, -75.49
 47.93, -75.43
 48.05, -75.37
 48.16, -75.32
 48.29, -75.31
 48.33, -75.32
 48.41, -75.32
 48.54, -75.33
 48.66, -75.34
 48.78, -75.33
End:

Color: 236 144 74 255
Line: 1, 0, "0.25"
 37.25, -85.42
 37.22, -85.27
 37.26, -85.1
 37.29, -85.07
 37.4, -84.97
 37.52, -84.94
 37.64, -84.95
 37.77, -84.99
 37.81, -85.01
 37.9, -85.03
 38.02, -85.05
 38.14, -85.05
 38.27, -85.07
 38.29, -85.08
 38.4, -85.13
 38.49, -85.21
 38.53, -85.24
 38.63, -85.34
 38.67, -85.38
 38.8, -85.47
 38.8, -85.47
 38.93, -85.5
 39.05, -85.5
 39.17, -85.47
 39.29, -85.43
 39.41, -85.39
 39.5, -85.35
 39.53, -85.34
 39.64, -85.29
 39.76, -85.27
 39.89, -85.27
 39.91, -85.28
 40.01, -85.29
 40.14, -85.31
 40.26, -85.33
 40.39, -85.34
 40.43, -85.35
 40.51, -85.36
 40.64, -85.4
 40.72, -85.46
 40.77, -85.51
 40.85, -85.6
 40.91, -85.68
 40.96, -85.74
 41.05, -85.84
 41.09, -85.88
 41.18, -85.96
 41.26, -86.02
 41.31, -86.04
 41.44, -86.08
 41.56, -86.09
 41.66, -86.11
 41.69, -86.13
 41.75, -86.26
 41.78, -86.42
 41.82, -86.58
 41.86, -86.66
 41.9, -86.73
 41.99, -86.88
 42.0, -86.91
 42.08, -87.03
 42.13, -87.19
 42.15, -87.21
 42.28, -87.3
 42.41, -87.31
 42.53, -87.29
 42.65, -87.26
 42.77, -87.24
 42.89, -87.23
 42.93, -87.24
 43.01, -87.24
 43.14, -87.27
 43.26, -87.35
 43.26, -87.35
 43.39, -87.45
 43.43, -87.49
 43.53, -87.64
 43.54, -87.65
 43.59, -87.81
 43.6, -87.97
 43.57, -88.12
 43.56, -88.15
 43.51, -88.32
 43.47, -88.46
 43.45, -88.5
 43.42, -88.67
 43.4, -88.84
 43.38, -88.91
 43.28, -89.02
 43.27, -89.03
 43.26, -89.03
 43.14, -88.95
 43.01, -88.89
 42.9, -88.98
 42.86, -89.08
 42.79, -89.23
 42.79, -89.25
 42.7, -89.43
 42.68, -89.46
 42.57, -89.56
 42.45, -89.6
 42.33, -89.6
 42.2, -89.58
 42.08, -89.52
 42.06, -89.51
 41.95, -89.45
 41.85, -89.37
 41.82, -89.34
 41.69, -89.24
 41.67, -89.22
 41.56, -89.14
 41.48, -89.08
 41.44, -89.05
 41.31, -89.0
 41.19, -89.0
 41.07, -89.06
 40.95, -89.13
 40.91, -89.15
 40.84, -89.19
 40.72, -89.25
 40.6, -89.26
 40.51, -89.2
 40.47, -89.16
 40.42, -89.05
 40.34, -88.9
 40.32, -88.88
 40.24, -88.75
 40.19, -88.7
 40.11, -88.61
 40.06, -88.56
 39.96, -88.47
 39.92, -88.43
 39.83, -88.33
 39.79, -88.29
 39.67, -88.19
 39.66, -88.18
 39.53, -88.09
 39.48, -88.05
 39.4, -88.0
 39.3, -87.92
 39.27, -87.89
 39.14, -87.8
 39.12, -87.79
 39.01, -87.72
 38.93, -87.65
 38.88, -87.63
 38.76, -87.52
 38.75, -87.51
 38.63, -87.38
 38.61, -87.36
 38.53, -87.24
 38.47, -87.09
 38.47, -87.08
 38.42, -86.94
 38.4, -86.79
 38.39, -86.63
 38.34, -86.48
 38.28, -86.4
 38.23, -86.34
 38.15, -86.29
 38.05, -86.22
 38.02, -86.2
 37.89, -86.13
 37.84, -86.09
 37.76, -86.05
 37.65, -85.97
 37.62, -85.94
 37.53, -85.83
 37.48, -85.76
 37.43, -85.69
 37.34, -85.55
 37.34, -85.55
 37.25, -85.42
End:

Color: 236 144 74 255
Line: 1, 0, "0.25"
 38.89, -92.21
 38.87, -92.06
 38.92, -91.94
 38.97, -91.89
 39.04, -91.86
 39.11, -91.88
 39.16, -91.9
 39.27, -92.03
 39.29, -92.12
 39.31, -92.18
 39.3, -92.23
 39.25, -92.34
 39.18, -92.4
 39.06, -92.4
 39.01, -92.36
 38.93, -92.28
 38.89, -92.21
End:

Color: 236 144 74 255
Line: 1, 0, "0.25"
 39.94, -90.7
 39.91, -90.55
 39.94, -90.46
 40.01, -90.38
 40.05, -90.35
 40.15, -90.36
 40.18, -90.37
 40.31, -90.5
 40.32, -90.51
 40.35, -90.66
 40.33, -90.82
 40.32, -90.82
 40.21, -90.99
 40.09, -90.94
 40.03, -90.85
 39.95, -90.74
 39.94, -90.7
End:

Color: 236 144 74 255
Line: 1, 0, "0.25"
 43.71, -82.54
 43.67, -82.38
 43.73, -82.23
 43.78, -82.18
 43.84, -82.15
 43.96, -82.12
 44.03, -82.12
 44.08, -82.12
 44.21, -82.15
 44.34, -82.22
 44.35, -82.22
 44.45, -82.37
 44.49, -82.53
 44.48, -82.71
 44.42, -82.87
 44.39, -82.9
 44.31, -82.98
 44.19, -83.0
 44.09, -82.96
 44.06, -82.96
 43.93, -82.86
 43.9, -82.84
 43.79, -82.69
 43.78, -82.67
 43.71, -82.54
End:

Color: 236 144 74 255
Line: 1, 0, "0.25"
 44.66, -84.39
 44.71, -84.42
 44.83, -84.44
 44.93, -84.33
 44.91, -84.16
 44.8, -84.14
 44.75, -84.2
 44.7, -84.34
 44.66, -84.39
End:

Color: 236 144 74 255
Line: 1, 0, "0.25"
 44.45, -80.48
 44.43, -80.31
 44.45, -80.21
 44.49, -80.12
 44.55, -80.04
 44.67, -79.98
 44.79, -79.99
 44.84, -80.02
 44.93, -80.11
 44.98, -80.16
 45.05, -80.31
 45.08, -80.48
 45.02, -80.67
 45.01, -80.68
 44.9, -80.76
 44.78, -80.78
 44.69, -80.76
 44.65, -80.74
 44.52, -80.63
 44.51, -80.6
 44.45, -80.48
End:

Color: 236 144 74 255
Line: 1, 0, "0.25"
 45.41, -76.88
 45.32, -76.73
 45.28, -76.57
 45.28, -76.39
 45.33, -76.2
 45.33, -76.18
 45.43, -76.01
 45.47, -75.97
 45.53, -75.91
 45.65, -75.87
 45.73, -75.88
 45.78, -75.89
 45.92, -75.97
 45.94, -75.99
 46.07, -76.12
 46.07, -76.12
 46.2, -76.26
 46.21, -76.27
 46.34, -76.39
 46.36, -76.42
 46.45, -76.53
 46.51, -76.69
 46.53, -76.87
 46.49, -77.06
 46.47, -77.1
 46.37, -77.25
 46.26, -77.31
 46.14, -77.34
 46.01, -77.33
 45.88, -77.27
 45.86, -77.26
 45.74, -77.2
 45.67, -77.15
 45.6, -77.09
 45.52, -77.02
 45.45, -76.93
 45.41, -76.88
End:

Color: 236 144 74 255
Line: 2, 0, "0.5"
 49.95, -84.6
 49.94, -84.53
 49.94, -84.51
End:

Color: 236 144 74 255
Line: 2, 0, "0.5"
 49.27, -78.62
 49.17, -78.57
 49.14, -78.55
 49.03, -78.43
 48.99, -78.35
 48.96, -78.27
 48.94, -78.09
 48.94, -78.01
 48.95, -77.9
 48.93, -77.72
 48.88, -77.58
 48.87, -77.55
 48.79, -77.39
 48.73, -77.22
 48.69, -77.12
 48.65, -77.07
 48.56, -77.05
 48.44, -77.06
 48.31, -77.06
 48.19, -77.05
 48.17, -77.04
 48.06, -77.04
 47.94, -77.03
 47.81, -76.99
 47.8, -76.98
 47.68, -76.94
 47.57, -76.88
 47.54, -76.85
 47.44, -76.74
 47.38, -76.58
 47.39, -76.39
 47.45, -76.23
 47.46, -76.19
 47.53, -75.99
 47.53, -75.98
 47.62, -75.8
 47.68, -75.74
 47.73, -75.69
 47.84, -75.61
 47.95, -75.56
 48.07, -75.5
 48.19, -75.46
 48.31, -75.45
 48.43, -75.47
 48.44, -75.47
 48.56, -75.48
 48.68, -75.48
 48.8, -75.45
End:

Color: 236 144 74 255
Line: 2, 0, "0.5"
 37.39, -85.39
 37.38, -85.24
 37.42, -85.17
 37.53, -85.09
 37.66, -85.09
 37.78, -85.13
 37.86, -85.16
 37.91, -85.17
 38.03, -85.18
 38.16, -85.18
 38.28, -85.22
 38.32, -85.24
 38.42, -85.31
 38.48, -85.36
 38.56, -85.45
 38.61, -85.5
 38.69, -85.58
 38.77, -85.63
 38.82, -85.66
 38.95, -85.7
 39.07, -85.7
 39.19, -85.67
 39.31, -85.63
 39.43, -85.58
 39.55, -85.54
 39.67, -85.52
 39.79, -85.52
 39.92, -85.55
 40.01, -85.58
 40.04, -85.59
 40.17, -85.64
 40.3, -85.69
 40.3, -85.69
 40.43, -85.76
 40.52, -85.82
 40.56, -85.86
 40.65, -85.96
 40.7, -86.0
 40.79, -86.1
 40.83, -86.13
 40.95, -86.23
 40.97, -86.25
 41.1, -86.35
 41.12, -86.37
 41.23, -86.44
 41.31, -86.5
 41.36, -86.55
 41.47, -86.64
 41.49, -86.68
 41.57, -86.78
 41.62, -86.94
 41.59, -87.11
 41.54, -87.24
 41.53, -87.28
 41.55, -87.33
 41.59, -87.44
 41.69, -87.53
 41.74, -87.58
 41.82, -87.61
 41.94, -87.63
 42.06, -87.6
 42.18, -87.57
 42.3, -87.54
 42.42, -87.51
 42.54, -87.47
 42.66, -87.44
 42.73, -87.43
 42.78, -87.42
 42.8, -87.42
 42.9, -87.42
 43.03, -87.43
 43.15, -87.48
 43.22, -87.53
 43.28, -87.57
 43.38, -87.67
 43.42, -87.75
 43.45, -87.83
 43.45, -87.99
 43.44, -88.04
 43.39, -88.17
 43.33, -88.27
 43.26, -88.36
 43.22, -88.41
 43.11, -88.5
 42.99, -88.55
 42.96, -88.56
 42.87, -88.62
 42.79, -88.75
 42.76, -88.82
 42.74, -88.93
 42.69, -89.1
 42.67, -89.17
 42.61, -89.27
 42.56, -89.35
 42.44, -89.42
 42.32, -89.44
 42.19, -89.42
 42.07, -89.37
 42.04, -89.34
 41.94, -89.28
 41.85, -89.2
 41.81, -89.15
 41.71, -89.05
 41.68, -89.0
 41.6, -88.91
 41.54, -88.79
 41.52, -88.75
 41.42, -88.6
 41.4, -88.57
 41.27, -88.46
 41.26, -88.46
 41.15, -88.43
 41.03, -88.43
 40.9, -88.45
 40.78, -88.48
 40.66, -88.49
 40.54, -88.5
 40.42, -88.49
 40.29, -88.44
 40.27, -88.43
 40.16, -88.36
 40.09, -88.29
 40.03, -88.24
 39.95, -88.15
 39.9, -88.1
 39.8, -88.01
 39.77, -87.99
 39.64, -87.89
 39.61, -87.88
 39.51, -87.79
 39.44, -87.74
 39.38, -87.68
 39.28, -87.61
 39.25, -87.59
 39.12, -87.52
 39.04, -87.48
 38.99, -87.46
 38.86, -87.38
 38.83, -87.35
 38.73, -87.26
 38.69, -87.22
 38.6, -87.07
 38.58, -87.02
 38.55, -86.92
 38.53, -86.77
 38.51, -86.61
 38.47, -86.46
 38.4, -86.35
 38.38, -86.32
 38.26, -86.23
 38.22, -86.19
 38.13, -86.14
 38.01, -86.07
 38.0, -86.06
 37.87, -86.0
 37.79, -85.95
 37.74, -85.91
 37.65, -85.81
 37.6, -85.76
 37.54, -85.68
 37.46, -85.53
 37.46, -85.51
 37.39, -85.39
End:

Color: 236 144 74 255
Line: 2, 0, "0.5"
 44.64, -85.77
 44.67, -85.59
 44.69, -85.5
 44.7, -85.41
 44.72, -85.24
 44.75, -85.06
 44.76, -85.0
 44.8, -84.88
 44.87, -84.77
 44.94, -84.68
 44.97, -84.64
 45.06, -84.48
 45.08, -84.43
 45.09, -84.3
 45.07, -84.13
 45.03, -83.97
 45.03, -83.97
 44.92, -83.82
 44.88, -83.77
 44.76, -83.71
 44.71, -83.69
 44.69, -83.52
 44.73, -83.46
 44.79, -83.33
 44.83, -83.29
 44.94, -83.2
 45.06, -83.15
 45.18, -83.15
 45.31, -83.17
 45.4, -83.19
 45.43, -83.2
 45.56, -83.21
 45.68, -83.2
 45.79, -83.12
 45.81, -83.1
 45.9, -82.96
 46.01, -82.88
 46.01, -82.88
 46.01, -82.88
 46.13, -82.87
 46.25, -82.88
 46.38, -82.9
 46.5, -82.92
 46.58, -82.92
 46.63, -82.93
 46.75, -82.92
 46.87, -82.92
 47.0, -82.95
 47.08, -82.99
 47.12, -83.0
 47.25, -83.07
 47.3, -83.11
 47.38, -83.17
 47.48, -83.25
 47.52, -83.28
 47.65, -83.37
 47.67, -83.39
 47.78, -83.43
 47.9, -83.47
 48.02, -83.49
 48.03, -83.49
 48.15, -83.52
 48.28, -83.57
 48.32, -83.6
 48.41, -83.72
 48.44, -83.76
 48.52, -83.92
 48.57, -84.08
 48.58, -84.09
 48.58, -84.23
 48.59, -84.27
 48.53, -84.47
 48.49, -84.53
 48.38, -84.65
 48.33, -84.69
 48.27, -84.73
 48.15, -84.76
 48.03, -84.76
 48.03, -84.76
 47.91, -84.74
 47.78, -84.73
 47.66, -84.72
 47.54, -84.73
 47.42, -84.76
 47.31, -84.83
 47.19, -84.92
 47.18, -84.93
 47.08, -85.05
 47.03, -85.14
 46.98, -85.27
 46.97, -85.33
 46.93, -85.52
 46.9, -85.64
 46.88, -85.7
 46.84, -85.89
 46.81, -86.0
 46.79, -86.07
 46.73, -86.26
 46.71, -86.32
 46.66, -86.45
 46.61, -86.57
 46.57, -86.64
 46.5, -86.76
 46.44, -86.84
 46.39, -86.9
 46.28, -87.0
 46.19, -87.06
 46.17, -87.08
 46.05, -87.14
 45.93, -87.19
 45.82, -87.27
 45.78, -87.3
 45.7, -87.38
 45.6, -87.5
 45.59, -87.52
 45.48, -87.6
 45.37, -87.54
 45.34, -87.45
 45.33, -87.37
 45.33, -87.33
 45.35, -87.2
 45.39, -87.02
 45.42, -86.89
 45.43, -86.84
 45.46, -86.66
 45.45, -86.49
 45.39, -86.32
 45.37, -86.3
 45.24, -86.18
 45.24, -86.17
 45.11, -86.11
 44.99, -86.05
 44.98, -86.04
 44.86, -85.97
 44.74, -85.92
 44.73, -85.89
 44.64, -85.77
End:

Color: 236 144 74 255
Line: 2, 0, "0.5"
 45.53, -76.84
 45.44, -76.69
 45.39, -76.53
 45.4, -76.35
 45.46, -76.2
 45.5, -76.14
 45.56, -76.07
 45.68, -76.03
 45.76, -76.05
 45.81, -76.06
 45.94, -76.17
 45.95, -76.17
 46.08, -76.3
 46.1, -76.31
 46.22, -76.43
 46.24, -76.45
 46.34, -76.57
 46.41, -76.73
 46.42, -76.9
 46.34, -77.09
 46.32, -77.11
 46.24, -77.19
 46.12, -77.21
 46.06, -77.2
 45.99, -77.19
 45.86, -77.13
 45.81, -77.1
 45.72, -77.03
 45.65, -76.98
 45.57, -76.89
 45.53, -76.84
End:

Color: 236 144 74 255
Line: 3, 0, "1.0"
 49.12, -77.52
 49.08, -77.48
 48.97, -77.38
 48.95, -77.34
 48.89, -77.17
 48.87, -76.99
 48.82, -76.82
 48.77, -76.8
 48.64, -76.81
 48.53, -76.85
 48.41, -76.88
 48.29, -76.89
 48.16, -76.88
 48.13, -76.87
 48.04, -76.87
 47.91, -76.85
 47.79, -76.81
 47.78, -76.8
 47.64, -76.71
 47.61, -76.68
 47.55, -76.52
 47.56, -76.33
 47.58, -76.28
 47.62, -76.13
 47.66, -76.04
 47.75, -75.9
 47.76, -75.89
 47.87, -75.8
 47.99, -75.74
 48.1, -75.7
 48.22, -75.67
 48.34, -75.66
 48.39, -75.67
 48.47, -75.68
 48.59, -75.69
 48.71, -75.68
 48.83, -75.65
End:

Color: 236 144 74 255
Line: 3, 0, "1.0"
 37.71, -85.65
 37.66, -85.5
 37.69, -85.38
 37.81, -85.35
 37.93, -85.35
 38.05, -85.36
 38.18, -85.38
 38.23, -85.41
 38.31, -85.46
 38.38, -85.54
 38.45, -85.63
 38.49, -85.68
 38.59, -85.82
 38.59, -85.83
 38.72, -85.95
 38.73, -85.97
 38.86, -86.03
 38.98, -86.04
 39.1, -86.01
 39.22, -85.97
 39.34, -85.92
 39.46, -85.88
 39.58, -85.86
 39.7, -85.86
 39.83, -85.89
 39.88, -85.92
 39.96, -85.99
 40.02, -86.06
 40.07, -86.21
 40.06, -86.37
 40.02, -86.54
 40.01, -86.55
 39.95, -86.71
 39.91, -86.8
 39.85, -86.89
 39.8, -86.96
 39.69, -87.01
 39.56, -87.01
 39.44, -87.01
 39.32, -87.01
 39.2, -87.02
 39.07, -87.02
 39.03, -87.01
 38.95, -86.99
 38.82, -86.88
 38.81, -86.87
 38.77, -86.73
 38.74, -86.58
 38.7, -86.43
 38.64, -86.31
 38.63, -86.28
 38.51, -86.14
 38.5, -86.14
 38.37, -86.06
 38.3, -86.02
 38.24, -86.0
 38.11, -85.94
 38.04, -85.91
 37.98, -85.88
 37.85, -85.8
 37.83, -85.78
 37.72, -85.65
 37.71, -85.65
End:

Color: 236 144 74 255
Line: 3, 0, "1.0"
 40.33, -87.62
 40.23, -87.47
 40.33, -87.38
 40.46, -87.41
 40.48, -87.43
 40.48, -87.6
 40.47, -87.6
 40.35, -87.63
 40.33, -87.62
End:

Color: 236 144 74 255
Line: 3, 0, "1.0"
 41.75, -88.56
 41.75, -88.4
 41.75, -88.36
 41.78, -88.23
 41.86, -88.12
 41.93, -88.04
 41.97, -88.01
 42.09, -87.92
 42.2, -87.86
 42.25, -87.83
 42.32, -87.8
 42.44, -87.75
 42.56, -87.71
 42.68, -87.67
 42.8, -87.65
 42.92, -87.65
 43.05, -87.69
 43.09, -87.71
 43.18, -87.81
 43.21, -87.86
 43.21, -88.03
 43.2, -88.05
 43.08, -88.19
 43.03, -88.22
 42.97, -88.26
 42.85, -88.3
 42.73, -88.36
 42.68, -88.44
 42.63, -88.58
 42.62, -88.61
 42.59, -88.78
 42.56, -88.95
 42.53, -89.01
 42.46, -89.13
 42.42, -89.17
 42.3, -89.22
 42.18, -89.21
 42.1, -89.17
 42.05, -89.14
 41.94, -89.03
 41.92, -89.0
 41.84, -88.88
 41.78, -88.72
 41.78, -88.68
 41.75, -88.56
End:

Color: 236 144 74 255
Line: 3, 0, "1.0"
 45.06, -85.69
 45.0, -85.53
 44.99, -85.36
 45.0, -85.18
 45.02, -85.11
 45.06, -85.0
 45.12, -84.89
 45.17, -84.8
 45.22, -84.7
 45.25, -84.61
 45.27, -84.44
 45.26, -84.27
 45.23, -84.1
 45.19, -83.93
 45.15, -83.77
 45.12, -83.6
 45.22, -83.44
 45.34, -83.43
 45.46, -83.47
 45.54, -83.51
 45.6, -83.56
 45.7, -83.65
 45.73, -83.69
 45.85, -83.79
 45.87, -83.8
 45.99, -83.83
 46.11, -83.78
 46.2, -83.72
 46.22, -83.7
 46.33, -83.62
 46.45, -83.57
 46.57, -83.56
 46.7, -83.57
 46.82, -83.58
 46.84, -83.58
 46.94, -83.57
 47.06, -83.56
 47.18, -83.57
 47.31, -83.6
 47.38, -83.63
 47.44, -83.66
 47.57, -83.74
 47.61, -83.76
 47.7, -83.83
 47.81, -83.9
 47.83, -83.92
 47.92, -84.05
 47.86, -84.25
 47.86, -84.25
 47.74, -84.31
 47.63, -84.35
 47.51, -84.39
 47.39, -84.44
 47.28, -84.51
 47.21, -84.57
 47.16, -84.6
 47.05, -84.68
 46.94, -84.77
 46.91, -84.81
 46.83, -84.95
 46.82, -85.0
 46.8, -85.18
 46.78, -85.37
 46.76, -85.49
 46.75, -85.55
 46.71, -85.73
 46.67, -85.89
 46.67, -85.92
 46.61, -86.11
 46.58, -86.21
 46.55, -86.29
 46.48, -86.44
 46.44, -86.49
 46.37, -86.59
 46.26, -86.69
 46.24, -86.7
 46.14, -86.76
 46.02, -86.78
 45.9, -86.76
 45.9, -86.76
 45.8, -86.6
 45.76, -86.43
 45.74, -86.29
 45.73, -86.26
 45.69, -86.1
 45.64, -85.93
 45.57, -85.8
 45.52, -85.78
 45.45, -85.76
 45.33, -85.77
 45.2, -85.76
 45.08, -85.7
 45.06, -85.69
End:

Color: 236 144 74 255
Line: 3, 0, "1.0"
 45.62, -76.63
 45.59, -76.46
 45.61, -76.39
 45.72, -76.3
 45.85, -76.34
 45.88, -76.37
 46.0, -76.45
 46.04, -76.49
 46.14, -76.59
 46.18, -76.62
 46.24, -76.78
 46.2, -76.95
 46.08, -77.0
 45.95, -76.96
 45.85, -76.91
 45.82, -76.88
 45.71, -76.78
 45.66, -76.7
 45.62, -76.63
End:

Color: 233 70 57 255
Line: 3, 0, "2.0"
 42.2, -88.66
 42.19, -88.5
 42.25, -88.45
 42.27, -88.49
 42.28, -88.65
 42.27, -88.68
 42.2, -88.66
End:

Color: 233 70 57 255
Line: 3, 0, "2.0"
 47.91, -76.4
 47.94, -76.26
 48.03, -76.17
 48.05, -76.16
 48.09, -76.15
 48.17, -76.14
 48.3, -76.16
 48.43, -76.19
 48.49, -76.19
 48.54, -76.36
 48.46, -76.42
 48.35, -76.48
 48.23, -76.51
 48.11, -76.52
 48.08, -76.52
 47.98, -76.47
 47.91, -76.4
End:

Title: Tornadic Tilting and Stretching Parameter 20Z HRRR | Valid: 21:00Z Mon Aug 10 2020
RefreshSeconds: 60
TimeRange: 2020-08-10T20:30:01Z 2020-08-10T21:30:00Z
Color: 236 144 74 255
Line: 1, 0, "0.25"
 50.03, -85.52
 49.92, -85.64
 49.91, -85.66
 49.81, -85.84
 49.8, -85.87
 49.71, -86.05
 49.7, -86.07
 49.6, -86.23
 49.56, -86.29
 49.5, -86.38
 49.38, -86.49
 49.32, -86.52
 49.27, -86.54
 49.25, -86.53
 49.14, -86.38
 49.13, -86.37
 49.1, -86.19
 49.1, -86.0
 49.1, -85.97
 49.11, -85.82
 49.15, -85.63
 49.18, -85.5
 49.2, -85.43
 49.27, -85.23
 49.28, -85.21
 49.35, -85.03
 49.38, -84.96
 49.43, -84.83
 49.47, -84.7
 49.5, -84.63
 49.54, -84.43
 49.56, -84.34
 49.58, -84.24
 49.6, -84.05
 49.64, -83.87
 49.64, -83.85
 49.72, -83.65
 49.74, -83.63
 49.85, -83.52
End:

Color: 236 144 74 255
Line: 1, 0, "0.25"
 49.48, -80.24
 49.36, -80.23
 49.33, -80.2
 49.27, -80.03
 49.24, -79.86
 49.22, -79.68
 49.21, -79.49
 49.2, -79.31
 49.17, -79.13
 49.11, -78.96
 49.07, -78.92
 49.0, -78.81
 48.92, -78.74
 48.86, -78.67
 48.77, -78.56
 48.75, -78.52
 48.7, -78.35
 48.71, -78.16
 48.71, -78.13
 48.77, -77.96
 48.8, -77.89
 48.9, -77.73
 48.9, -77.72
 49.01, -77.6
 49.12, -77.52
End:

Color: 236 144 74 255
Line: 1, 0, "0.25"
 48.98, -76.56
 48.86, -76.61
 48.74, -76.64
 48.62, -76.63
 48.5, -76.56
 48.48, -76.56
 48.34, -76.46
 48.32, -76.44
 48.21, -76.37
 48.13, -76.32
 48.07, -76.28
 47.97, -76.19
 47.92, -76.12
 47.87, -76.04
 47.82, -75.88
 47.82, -75.69
 47.84, -75.62
 47.89, -75.48
 47.93, -75.4
 48.03, -75.28
 48.14, -75.21
 48.21, -75.18
 48.26, -75.16
 48.38, -75.11
 48.47, -75.08
 48.49, -75.07
 48.61, -75.03
 48.73, -74.99
End:

Color: 236 144 74 255
Line: 1, 0, "0.25"
 36.58, -96.93
 36.57, -96.78
 36.58, -96.63
 36.61, -96.48
 36.61, -96.47
 36.7, -96.32
 36.73, -96.3
 36.85, -96.3
 36.87, -96.32
 36.96, -96.47
 36.96, -96.62
 36.93, -96.77
 36.89, -96.93
 36.86, -97.02
 36.81, -97.08
 36.73, -97.14
 36.64, -97.08
 36.61, -97.04
 36.58, -96.93
End:

Color: 236 144 74 255
Line: 1, 0, "0.25"
 37.54, -91.7
 37.47, -91.55
 37.44, -91.4
 37.49, -91.24
 37.54, -91.19
 37.66, -91.12
 37.78, -91.09
 37.9, -91.07
 38.02, -91.05
 38.07, -91.03
 38.14, -91.01
 38.26, -90.97
 38.38, -90.92
 38.5, -90.86
 38.56, -90.83
 38.62, -90.81
 38.74, -90.8
 38.77, -90.81
 38.86, -90.88
 38.92, -90.96
 38.96, -91.11
 38.95, -91.27
 38.89, -91.42
 38.89, -91.43
 38.78, -91.57
 38.74, -91.6
 38.66, -91.65
 38.54, -91.73
 38.46, -91.78
 38.42, -91.8
 38.31, -91.87
 38.19, -91.94
 38.12, -91.96
 38.07, -91.98
 37.95, -92.0
 37.84, -91.98
 37.82, -91.98
 37.7, -91.89
 37.65, -91.84
 37.57, -91.73
 37.54, -91.7
End:

Color: 236 144 74 255
Line: 1, 0, "0.25"
 37.44, -85.54
 37.38, -85.39
 37.36, -85.24
 37.36, -85.09
 37.4, -85.02
 37.51, -84.91
 37.52, -84.91
 37.63, -84.85
 37.75, -84.82
 37.88, -84.84
 37.89, -84.84
 38.0, -84.87
 38.13, -84.94
 38.15, -84.95
 38.26, -85.02
 38.34, -85.07
 38.4, -85.12
 38.51, -85.2
 38.53, -85.22
 38.66, -85.31
 38.7, -85.33
 38.79, -85.36
 38.92, -85.37
 39.04, -85.35
 39.15, -85.31
 39.27, -85.25
 39.37, -85.21
 39.39, -85.2
 39.51, -85.16
 39.63, -85.15
 39.71, -85.15
 39.75, -85.15
 39.88, -85.17
 40.0, -85.21
 40.1, -85.24
 40.13, -85.25
 40.26, -85.29
 40.39, -85.33
 40.44, -85.35
 40.51, -85.37
 40.64, -85.42
 40.72, -85.46
 40.77, -85.5
 40.87, -85.6
 40.91, -85.64
 41.01, -85.73
 41.04, -85.76
 41.17, -85.82
 41.25, -85.86
 41.3, -85.87
 41.43, -85.93
 41.51, -85.98
 41.55, -85.99
 41.68, -86.06
 41.74, -86.1
 41.81, -86.14
 41.93, -86.23
 41.95, -86.25
 42.06, -86.38
 42.08, -86.39
 42.21, -86.52
 42.22, -86.53
 42.35, -86.65
 42.36, -86.66
 42.46, -86.81
 42.5, -86.97
 42.5, -86.99
 42.53, -87.13
 42.63, -87.28
 42.65, -87.29
 42.78, -87.42
 42.78, -87.43
 42.91, -87.52
 42.97, -87.56
 43.04, -87.6
 43.17, -87.66
 43.23, -87.69
 43.29, -87.71
 43.42, -87.75
 43.54, -87.76
 43.66, -87.75
 43.78, -87.72
 43.9, -87.69
 44.02, -87.65
 44.14, -87.63
 44.26, -87.61
 44.38, -87.62
 44.5, -87.67
 44.4, -87.85
 44.4, -87.86
 44.28, -87.93
 44.17, -88.0
 44.05, -88.07
 44.05, -88.08
 43.94, -88.15
 43.82, -88.24
 43.78, -88.29
 43.71, -88.36
 43.61, -88.48
 43.6, -88.5
 43.48, -88.64
 43.43, -88.67
 43.37, -88.71
 43.28, -88.69
 43.24, -88.68
 43.12, -88.64
 42.99, -88.62
 42.87, -88.64
 42.75, -88.69
 42.64, -88.74
 42.51, -88.74
 42.39, -88.7
 42.31, -88.65
 42.26, -88.63
 42.14, -88.56
 42.07, -88.52
 42.01, -88.49
 41.88, -88.44
 41.76, -88.4
 41.74, -88.4
 41.63, -88.39
 41.51, -88.38
 41.39, -88.38
 41.27, -88.37
 41.14, -88.36
 41.02, -88.35
 40.9, -88.36
 40.78, -88.39
 40.66, -88.45
 40.54, -88.53
 40.52, -88.56
 40.44, -88.72
 40.43, -88.73
 40.42, -88.89
 40.46, -89.03
 40.46, -89.05
 40.47, -89.2
 40.47, -89.22
 40.42, -89.37
 40.37, -89.5
 40.3, -89.55
 40.26, -89.66
 40.23, -89.55
 40.2, -89.4
 40.16, -89.24
 40.11, -89.09
 40.09, -89.05
 40.06, -88.93
 39.99, -88.78
 39.95, -88.71
 39.91, -88.63
 39.84, -88.48
 39.8, -88.38
 39.77, -88.33
 39.66, -88.19
 39.65, -88.19
 39.54, -88.15
 39.41, -88.13
 39.29, -88.12
 39.17, -88.09
 39.16, -88.09
 39.04, -88.03
 38.95, -87.97
 38.91, -87.92
 38.82, -87.83
 38.77, -87.74
 38.74, -87.68
 38.68, -87.53
 38.63, -87.38
 38.61, -87.35
 38.55, -87.24
 38.47, -87.1
 38.46, -87.09
 38.37, -86.95
 38.32, -86.81
 38.32, -86.8
 38.29, -86.65
 38.27, -86.5
 38.21, -86.35
 38.15, -86.27
 38.09, -86.21
 38.01, -86.15
 37.93, -86.08
 37.88, -86.04
 37.78, -85.95
 37.74, -85.92
 37.64, -85.82
 37.61, -85.77
 37.52, -85.68
 37.46, -85.56
 37.44, -85.54
End:

Color: 236 144 74 255
Line: 1, 0, "0.25"
 39.65, -90.73
 39.59, -90.58
 39.59, -90.42
 39.66, -90.25
 39.68, -90.23
 39.79, -90.09
 39.81, -90.08
 39.91, -89.98
 40.0, -89.9
 40.03, -89.87
 40.14, -89.77
 40.24, -89.87
 40.25, -90.03
 40.24, -90.19
 40.22, -90.36
 40.18, -90.47
 40.17, -90.52
 40.09, -90.69
 40.08, -90.72
 39.96, -90.85
 39.94, -90.86
 39.84, -90.9
 39.8, -90.87
 39.72, -90.82
 39.65, -90.73
End:

Color: 236 144 74 255
Line: 1, 0, "0.25"
 43.83, -82.68
 43.76, -82.53
 43.78, -82.35
 43.85, -82.26
 43.97, -82.19
 44.09, -82.16
 44.21, -82.14
 44.33, -82.15
 44.45, -82.2
 44.46, -82.21
 44.58, -82.34
 44.61, -82.39
 44.66, -82.49
 44.75, -82.65
 44.76, -82.67
 44.9, -82.77
 44.92, -82.78
 45.03, -82.83
 45.15, -82.9
 45.16, -82.9
 45.29, -82.96
 45.4, -83.02
 45.41, -83.02
 45.53, -83.0
 45.55, -82.98
 45.6, -82.8
 45.6, -82.62
 45.6, -82.47
 45.6, -82.45
 45.6, -82.27
 45.63, -82.09
 45.66, -81.98
 45.72, -81.89
 45.77, -81.82
 45.87, -81.69
 45.89, -81.68
 45.98, -81.53
 46.02, -81.47
 46.07, -81.33
 46.14, -81.26
 46.18, -81.19
 46.22, -81.24
 46.32, -81.35
 46.35, -81.38
 46.45, -81.41
 46.57, -81.36
 46.63, -81.31
 46.68, -81.26
 46.78, -81.13
 46.9, -81.06
 46.9, -81.06
 46.9, -81.06
 47.03, -81.21
 47.05, -81.28
 47.06, -81.38
 47.07, -81.46
 47.07, -81.55
 47.09, -81.73
 47.11, -81.83
 47.13, -81.9
 47.23, -82.05
 47.26, -82.08
 47.4, -82.17
 47.42, -82.18
 47.53, -82.25
 47.62, -82.31
 47.66, -82.34
 47.79, -82.4
 47.91, -82.4
 48.02, -82.34
 48.13, -82.24
 48.2, -82.17
 48.24, -82.12
 48.35, -82.01
 48.46, -81.92
 48.46, -81.92
 48.58, -81.83
 48.69, -81.77
 48.81, -81.79
 48.85, -81.82
 48.95, -81.96
 48.96, -81.98
 49.05, -82.14
 49.1, -82.22
 49.14, -82.3
 49.22, -82.46
 49.26, -82.54
 49.29, -82.63
 49.35, -82.8
 49.39, -82.98
 49.42, -83.16
 49.43, -83.34
 49.41, -83.53
 49.38, -83.65
 49.36, -83.73
 49.29, -83.93
 49.28, -83.95
 49.23, -84.13
 49.19, -84.22
 49.14, -84.34
 49.09, -84.42
 49.0, -84.55
 48.98, -84.58
 48.87, -84.69
 48.76, -84.77
 48.64, -84.81
 48.52, -84.81
 48.39, -84.78
 48.27, -84.74
 48.22, -84.72
 48.14, -84.7
 48.02, -84.68
 47.9, -84.67
 47.78, -84.68
 47.66, -84.69
 47.54, -84.72
 47.42, -84.76
 47.31, -84.82
 47.19, -84.89
 47.12, -84.94
 47.08, -84.99
 46.97, -85.13
 46.96, -85.15
 46.89, -85.35
 46.87, -85.39
 46.83, -85.53
 46.78, -85.67
 46.76, -85.73
 46.68, -85.92
 46.68, -85.92
 46.59, -86.11
 46.57, -86.14
 46.48, -86.31
 46.47, -86.33
 46.36, -86.47
 46.32, -86.51
 46.25, -86.58
 46.13, -86.66
 46.02, -86.73
 45.99, -86.74
 45.9, -86.81
 45.79, -86.93
 45.77, -86.95
 45.68, -87.07
 45.62, -87.15
 45.57, -87.23
 45.5, -87.35
 45.46, -87.41
 45.4, -87.53
 45.36, -87.64
 45.3, -87.72
 45.25, -87.8
 45.13, -87.83
 45.03, -87.76
 45.0, -87.74
 44.87, -87.63
 44.85, -87.62
 44.74, -87.47
 44.74, -87.47
 44.74, -87.46
 44.79, -87.28
 44.84, -87.21
 44.88, -87.1
 44.94, -86.95
 44.95, -86.92
 44.95, -86.74
 44.91, -86.58
 44.91, -86.58
 44.85, -86.42
 44.8, -86.25
 44.79, -86.08
 44.81, -85.91
 44.84, -85.75
 44.84, -85.73
 44.86, -85.55
 44.88, -85.38
 44.91, -85.21
 44.91, -85.2
 44.92, -85.03
 44.92, -84.85
 44.93, -84.68
 44.96, -84.52
 44.96, -84.5
 44.99, -84.32
 45.0, -84.15
 44.91, -83.99
 44.91, -83.99
 44.91, -83.99
 44.8, -84.13
 44.75, -84.2
 44.69, -84.26
 44.57, -84.32
 44.45, -84.31
 44.39, -84.27
 44.32, -84.21
 44.25, -84.13
 44.17, -83.97
 44.16, -83.87
 44.15, -83.81
 44.15, -83.8
 44.19, -83.63
 44.24, -83.48
 44.26, -83.44
 44.26, -83.27
 44.21, -83.2
 44.17, -83.12
 44.06, -83.0
 44.04, -82.98
 43.93, -82.83
 43.92, -82.82
 43.83, -82.68
End:

Color: 236 144 74 255
Line: 1, 0, "0.25"
 44.55, -80.62
 44.49, -80.46
 44.48, -80.29
 44.54, -80.11
 44.56, -80.07
 44.67, -79.98
 44.79, -79.96
 44.91, -80.0
 44.92, -80.01
 45.05, -80.14
 45.06, -80.17
 45.13, -80.3
 45.15, -80.46
 45.12, -80.58
 45.1, -80.65
 45.02, -80.75
 44.9, -80.81
 44.78, -80.81
 44.68, -80.76
 44.65, -80.73
 44.55, -80.62
End:

Color: 236 144 74 255
Line: 1, 0, "0.25"
 44.43, -78.4
 44.41, -78.24
 44.41, -78.21
 44.44, -78.05
 44.5, -77.94
 44.58, -77.84
 44.6, -77.81
 44.71, -77.73
 44.83, -77.73
 44.87, -77.75
 44.97, -77.82
 45.02, -77.88
 45.08, -78.04
 45.11, -78.2
 45.12, -78.37
 45.11, -78.55
 45.1, -78.65
 45.07, -78.74
 45.01, -78.9
 44.9, -78.96
 44.76, -78.88
 44.73, -78.84
 44.61, -78.71
 44.6, -78.7
 44.49, -78.56
 44.45, -78.45
 44.43, -78.4
End:

Color: 236 144 74 255
Line: 1, 0, "0.25"
 46.34, -80.67
 46.35, -80.63
 46.38, -80.49
 46.42, -80.3
 46.43, -80.27
 46.47, -80.1
 46.51, -79.96
 46.54, -79.91
 46.61, -79.79
 46.73, -79.73
 46.82, -79.83
 46.85, -80.0
 46.85, -80.18
 46.82, -80.37
 46.81, -80.4
 46.74, -80.57
 46.72, -80.6
 46.61, -80.69
 46.49, -80.73
 46.37, -80.74
 46.34, -80.67
End:

Color: 236 144 74 255
Line: 2, 0, "0.5"
 50.0, -85.15
 49.88, -85.24
 49.85, -85.3
 49.78, -85.41
 49.74, -85.51
 49.68, -85.64
 49.64, -85.71
 49.57, -85.84
 49.5, -85.93
 49.46, -85.97
 49.39, -85.95
 49.35, -85.77
 49.39, -85.58
 49.42, -85.48
 49.47, -85.38
 49.52, -85.27
 49.58, -85.17
 49.63, -85.07
 49.68, -84.96
 49.72, -84.79
 49.73, -84.76
 49.77, -84.57
 49.8, -84.38
 49.8, -84.35
 49.86, -84.18
 49.9, -84.08
End:

Color: 236 144 74 255
Line: 2, 0, "0.5"
 49.22, -78.25
 49.09, -78.22
 49.09, -78.22
 49.04, -78.05
 49.06, -78.01
 49.17, -77.86
End:

Color: 236 144 74 255
Line: 2, 0, "0.5"
 48.96, -76.44
 48.84, -76.49
 48.72, -76.51
 48.68, -76.5
 48.59, -76.48
 48.46, -76.4
 48.45, -76.39
 48.32, -76.3
 48.27, -76.27
 48.18, -76.21
 48.09, -76.15
 48.04, -76.09
 47.98, -76.0
 47.93, -75.84
 47.94, -75.65
 47.96, -75.59
 48.06, -75.43
 48.07, -75.42
 48.17, -75.33
 48.28, -75.28
 48.4, -75.24
 48.51, -75.2
 48.63, -75.15
 48.75, -75.11
End:

Color: 236 144 74 255
Line: 2, 0, "0.5"
 37.91, -91.51
 37.92, -91.5
 38.04, -91.45
 38.16, -91.46
 38.19, -91.49
 38.16, -91.5
 38.04, -91.52
 37.92, -91.52
 37.91, -91.51
End:

Color: 236 144 74 255
Line: 2, 0, "0.5"
 37.56, -85.52
 37.5, -85.37
 37.5, -85.22
 37.54, -85.12
 37.59, -85.05
 37.65, -85.0
 37.77, -84.97
 37.89, -84.98
 37.92, -84.99
 38.02, -85.02
 38.15, -85.1
 38.16, -85.11
 38.28, -85.19
 38.34, -85.23
 38.42, -85.3
 38.49, -85.36
 38.55, -85.42
 38.65, -85.49
 38.68, -85.52
 38.82, -85.6
 38.86, -85.61
 38.94, -85.65
 39.07, -85.68
 39.19, -85.68
 39.31, -85.65
 39.43, -85.6
 39.55, -85.55
 39.67, -85.52
 39.79, -85.51
 39.91, -85.53
 40.03, -85.58
 40.04, -85.58
 40.17, -85.65
 40.26, -85.7
 40.3, -85.73
 40.43, -85.81
 40.46, -85.83
 40.57, -85.93
 40.6, -85.96
 40.7, -86.06
 40.76, -86.1
 40.83, -86.13
 40.96, -86.18
 41.05, -86.21
 41.09, -86.22
 41.21, -86.28
 41.33, -86.33
 41.34, -86.34
 41.47, -86.38
 41.59, -86.4
 41.72, -86.42
 41.74, -86.43
 41.84, -86.46
 41.96, -86.56
 41.97, -86.57
 42.09, -86.7
 42.11, -86.74
 42.17, -86.85
 42.21, -87.01
 42.24, -87.17
 42.28, -87.23
 42.35, -87.32
 42.41, -87.36
 42.54, -87.45
 42.55, -87.46
 42.67, -87.54
 42.73, -87.6
 42.8, -87.66
 42.9, -87.74
 42.93, -87.76
 43.06, -87.85
 43.1, -87.88
 43.19, -87.97
 43.26, -88.02
 43.29, -88.19
 43.21, -88.26
 43.09, -88.32
 42.98, -88.37
 42.87, -88.41
 42.86, -88.41
 42.74, -88.47
 42.62, -88.53
 42.5, -88.55
 42.38, -88.52
 42.3, -88.49
 42.25, -88.47
 42.12, -88.41
 42.03, -88.36
 42.0, -88.35
 41.87, -88.31
 41.75, -88.28
 41.62, -88.25
 41.6, -88.25
 41.5, -88.25
 41.38, -88.24
 41.26, -88.23
 41.13, -88.22
 41.01, -88.21
 40.89, -88.2
 40.76, -88.22
 40.64, -88.25
 40.53, -88.29
 40.41, -88.38
 40.36, -88.42
 40.3, -88.49
 40.18, -88.55
 40.05, -88.47
 40.04, -88.46
 39.97, -88.31
 39.91, -88.15
 39.9, -88.12
 39.83, -88.01
 39.76, -87.93
 39.67, -87.87
 39.63, -87.84
 39.5, -87.76
 39.47, -87.74
 39.37, -87.64
 39.33, -87.6
 39.24, -87.54
 39.11, -87.47
 39.11, -87.47
 38.99, -87.41
 38.92, -87.34
 38.85, -87.29
 38.79, -87.2
 38.71, -87.12
 38.67, -87.06
 38.58, -86.93
 38.57, -86.92
 38.49, -86.77
 38.45, -86.62
 38.42, -86.47
 38.41, -86.45
 38.36, -86.32
 38.26, -86.21
 38.25, -86.19
 38.13, -86.09
 38.09, -86.06
 38.0, -85.99
 37.92, -85.93
 37.86, -85.88
 37.77, -85.79
 37.73, -85.75
 37.65, -85.66
 37.58, -85.56
 37.56, -85.52
End:

Color: 236 144 74 255
Line: 2, 0, "0.5"
 38.31, -91.32
 38.4, -91.29
 38.51, -91.2
 38.56, -91.14
 38.63, -91.12
 38.67, -91.14
 38.66, -91.29
 38.64, -91.31
 38.52, -91.35
 38.4, -91.35
 38.31, -91.32
End:

Color: 236 144 74 255
Line: 2, 0, "0.5"
 44.43, -83.92
 44.42, -83.75
 44.5, -83.57
 44.51, -83.56
 44.6, -83.45
 44.73, -83.45
 44.76, -83.51
 44.76, -83.68
 44.75, -83.69
 44.71, -83.86
 44.66, -83.96
 44.54, -84.03
 44.43, -83.92
End:

Color: 236 144 74 255
Line: 2, 0, "0.5"
 44.96, -86.22
 44.94, -86.06
 44.96, -85.88
 44.96, -85.82
 44.99, -85.7
 45.0, -85.53
 45.02, -85.35
 45.03, -85.22
 45.03, -85.18
 45.03, -85.0
 45.03, -84.83
 45.04, -84.66
 45.08, -84.49
 45.08, -84.48
 45.11, -84.3
 45.12, -84.12
 45.09, -83.95
 45.05, -83.79
 45.01, -83.63
 44.98, -83.52
 44.93, -83.47
 44.9, -83.3
 44.95, -83.26
 45.07, -83.18
 45.19, -83.17
 45.31, -83.2
 45.33, -83.21
 45.44, -83.23
 45.56, -83.26
 45.68, -83.22
 45.74, -83.12
 45.78, -82.97
 45.78, -82.93
 45.81, -82.75
 45.83, -82.57
 45.84, -82.49
 45.94, -82.37
 45.95, -82.36
 46.03, -82.35
 46.07, -82.34
 46.2, -82.37
 46.33, -82.42
 46.41, -82.43
 46.45, -82.43
 46.51, -82.41
 46.57, -82.38
 46.68, -82.32
 46.8, -82.32
 46.82, -82.33
 46.93, -82.35
 47.05, -82.38
 47.18, -82.42
 47.18, -82.42
 47.31, -82.47
 47.43, -82.54
 47.44, -82.55
 47.57, -82.67
 47.59, -82.68
 47.71, -82.77
 47.83, -82.81
 47.83, -82.81
 47.95, -82.79
 47.99, -82.77
 48.07, -82.73
 48.18, -82.65
 48.3, -82.59
 48.41, -82.57
 48.54, -82.61
 48.57, -82.63
 48.67, -82.71
 48.73, -82.77
 48.81, -82.86
 48.87, -82.92
 48.95, -83.03
 48.99, -83.08
 49.08, -83.24
 49.11, -83.39
 49.11, -83.42
 49.11, -83.43
 49.1, -83.6
 49.08, -83.8
 49.04, -83.95
 49.03, -83.99
 48.95, -84.19
 48.94, -84.2
 48.84, -84.34
 48.74, -84.42
 48.72, -84.43
 48.61, -84.47
 48.51, -84.47
 48.49, -84.47
 48.36, -84.46
 48.24, -84.44
 48.12, -84.42
 48.0, -84.41
 47.93, -84.41
 47.88, -84.42
 47.76, -84.44
 47.64, -84.47
 47.62, -84.48
 47.52, -84.52
 47.4, -84.57
 47.29, -84.63
 47.17, -84.71
 47.08, -84.77
 47.06, -84.79
 46.95, -84.91
 46.9, -84.99
 46.85, -85.09
 46.81, -85.18
 46.75, -85.36
 46.75, -85.37
 46.68, -85.56
 46.65, -85.63
 46.6, -85.76
 46.55, -85.86
 46.49, -85.95
 46.44, -86.04
 46.36, -86.15
 46.34, -86.19
 46.22, -86.3
 46.11, -86.37
 46.11, -86.37
 45.99, -86.42
 45.87, -86.46
 45.75, -86.5
 45.64, -86.54
 45.52, -86.57
 45.4, -86.59
 45.27, -86.59
 45.18, -86.53
 45.15, -86.52
 45.03, -86.39
 45.01, -86.36
 44.96, -86.22
End:

Color: 236 144 74 255
Line: 2, 0, "0.5"
 44.56, -78.37
 44.56, -78.33
 44.54, -78.2
 44.63, -78.0
 44.63, -78.0
 44.74, -77.92
 44.84, -77.93
 44.87, -77.95
 44.95, -78.07
 44.98, -78.24
 44.98, -78.42
 44.96, -78.53
 44.87, -78.62
 44.85, -78.64
 44.83, -78.63
 44.72, -78.59
 44.65, -78.51
 44.56, -78.37
 44.56, -78.37
End:

Color: 236 144 74 255
Line: 3, 0, "1.0"
 48.93, -76.25
 48.81, -76.3
 48.69, -76.32
 48.67, -76.31
 48.56, -76.27
 48.46, -76.2
 48.42, -76.17
 48.29, -76.08
 48.28, -76.07
 48.14, -75.94
 48.14, -75.93
 48.09, -75.78
 48.1, -75.71
 48.18, -75.56
 48.2, -75.54
 48.31, -75.47
 48.43, -75.43
 48.54, -75.39
 48.66, -75.35
 48.78, -75.3
End:

Color: 236 144 74 255
Line: 3, 0, "1.0"
 37.75, -85.49
 37.71, -85.34
 37.79, -85.23
 37.92, -85.22
 38.04, -85.27
 38.07, -85.28
 38.18, -85.36
 38.23, -85.41
 38.31, -85.49
 38.36, -85.54
 38.45, -85.65
 38.48, -85.68
 38.59, -85.82
 38.59, -85.84
 38.66, -85.96
 38.68, -86.12
 38.62, -86.13
 38.62, -86.13
 38.49, -86.06
 38.4, -86.01
 38.36, -85.99
 38.23, -85.92
 38.18, -85.88
 38.1, -85.84
 37.99, -85.76
 37.97, -85.75
 37.84, -85.63
 37.84, -85.62
 37.75, -85.49
End:

Color: 236 144 74 255
Line: 3, 0, "1.0"
 38.86, -86.4
 38.84, -86.25
 38.88, -86.23
 39.0, -86.21
 39.12, -86.19
 39.24, -86.17
 39.36, -86.16
 39.48, -86.14
 39.6, -86.13
 39.6, -86.13
 39.7, -86.27
 39.63, -86.41
 39.61, -86.44
 39.52, -86.54
 39.43, -86.63
 39.41, -86.65
 39.29, -86.71
 39.17, -86.73
 39.04, -86.7
 39.03, -86.69
 38.91, -86.55
 38.91, -86.53
 38.86, -86.4
End:

Color: 236 144 74 255
Line: 3, 0, "1.0"
 40.47, -87.6
 40.44, -87.44
 40.45, -87.37
 40.47, -87.28
 40.55, -87.12
 40.57, -87.1
 40.67, -87.03
 40.79, -86.99
 40.91, -86.98
 41.03, -86.98
 41.16, -87.0
 41.18, -87.01
 41.28, -87.02
 41.4, -87.02
 41.52, -87.01
 41.65, -87.0
 41.77, -87.06
 41.78, -87.08
 41.88, -87.23
 41.91, -87.26
 41.98, -87.38
 42.05, -87.44
 42.14, -87.52
 42.18, -87.54
 42.31, -87.6
 42.39, -87.65
 42.43, -87.67
 42.56, -87.77
 42.58, -87.79
 42.67, -87.94
 42.67, -88.11
 42.6, -88.19
 42.48, -88.26
 42.36, -88.27
 42.23, -88.24
 42.11, -88.19
 42.1, -88.18
 41.98, -88.13
 41.86, -88.1
 41.73, -88.08
 41.7, -88.07
 41.61, -88.06
 41.49, -88.04
 41.36, -88.03
 41.24, -88.01
 41.11, -88.0
 41.1, -87.99
 40.99, -87.98
 40.87, -87.95
 40.74, -87.92
 40.67, -87.89
 40.61, -87.83
 40.53, -87.75
 40.47, -87.61
 40.47, -87.6
End:

Color: 236 144 74 255
Line: 3, 0, "1.0"
 45.23, -84.97
 45.21, -84.8
 45.22, -84.65
 45.22, -84.62
 45.25, -84.44
 45.26, -84.27
 45.26, -84.09
 45.24, -83.92
 45.22, -83.75
 45.23, -83.61
 45.25, -83.57
 45.34, -83.49
 45.47, -83.51
 45.5, -83.52
 45.6, -83.56
 45.72, -83.6
 45.84, -83.58
 45.95, -83.46
 45.99, -83.41
 46.05, -83.28
 46.12, -83.2
 46.16, -83.16
 46.28, -83.12
 46.4, -83.12
 46.46, -83.13
 46.53, -83.13
 46.65, -83.13
 46.77, -83.12
 46.89, -83.13
 47.02, -83.17
 47.04, -83.17
 47.15, -83.23
 47.27, -83.28
 47.32, -83.29
 47.4, -83.3
 47.52, -83.32
 47.65, -83.34
 47.77, -83.35
 47.86, -83.34
 47.89, -83.34
 47.93, -83.33
 48.01, -83.3
 48.12, -83.24
 48.24, -83.19
 48.36, -83.18
 48.43, -83.21
 48.49, -83.26
 48.56, -83.36
 48.61, -83.54
 48.59, -83.72
 48.54, -83.82
 48.43, -83.93
 48.36, -83.96
 48.32, -83.97
 48.29, -83.97
 48.2, -83.97
 48.07, -83.95
 47.95, -83.95
 47.83, -83.98
 47.72, -84.05
 47.61, -84.12
 47.6, -84.13
 47.49, -84.19
 47.37, -84.26
 47.26, -84.33
 47.18, -84.39
 47.15, -84.42
 47.03, -84.51
 46.92, -84.61
 46.91, -84.63
 46.81, -84.74
 46.75, -84.84
 46.71, -84.93
 46.67, -85.03
 46.61, -85.2
 46.61, -85.22
 46.52, -85.42
 46.51, -85.44
 46.41, -85.6
 46.38, -85.62
 46.29, -85.69
 46.17, -85.69
 46.14, -85.66
 46.04, -85.58
 45.99, -85.52
 45.9, -85.42
 45.86, -85.37
 45.77, -85.29
 45.66, -85.23
 45.64, -85.22
 45.52, -85.21
 45.39, -85.19
 45.3, -85.13
 45.26, -85.06
 45.23, -84.97
End:

Color: 233 70 57 255
Line: 3, 0, "2.0"
 45.64, -84.54
 45.56, -84.38
 45.56, -84.2
 45.65, -84.1
 45.78, -84.12
 45.86, -84.14
 45.9, -84.17
 46.03, -84.2
 46.15, -84.17
 46.26, -84.12
 46.39, -84.15
 46.43, -84.2
 46.43, -84.37
 46.42, -84.41
 46.32, -84.57
 46.31, -84.59
 46.19, -84.64
 46.07, -84.64
 45.99, -84.64
 45.95, -84.64
 45.83, -84.63
 45.7, -84.59
 45.64, -84.54
End:

